# callgrind format
version: 1
creator: callgrind-3.19.0
pid: 49138
cmd:  ./bin/sensor_host_fixed
part: 1


desc: I1 cache: 16384 B, 64 B, 4-way associative
desc: D1 cache: 16384 B, 64 B, 4-way associative
desc: LL cache: 262144 B, 64 B, 8-way associative

desc: Timerange: Basic block 0 - 5385937
desc: Trigger: Program termination

positions: instr line
events: Ir Dr Dw I1mr D1mr D1mw ILmr DLmr DLmw
summary: 0


ob=(3) /usr/lib/aarch64-linux-gnu/libc.so.6
fl=(23) ???
fn=(104) __aarch64_cas4_acq
0x1363d0 0 100000 0 0 1 0 0 1
+4 0 100000
+4 0 100000 100000 0 0 18 0 0 1
+4 0 100000
+12 0 100000
+4 0 100000 100000 0 0 1 0 0 1
+4 0 100000
+4 0 100000
-8 0 22 22
+4 0 22
+4 0 22
+4 0 100022 0 100022
+4 0 100022
+4 0 100000 0 0 2 0 0 1

fn=(108) __aarch64_swp4_rel
0x1366b0 0 100000 0 0 1 0 0 1
+4 0 100000
+4 0 100000 100000
+4 0 100000
+12 0 100000 0 0 1 0 0 1
+4 0 100000 100000
+4 0 100000 0 100000
+4 0 100000
-8 0 10 10
+4 0 10 0 10
+4 0 10
+4 0 100000

fl=(22) ./stdlib/./stdlib/random.c
fn=(102) random
0x3f450 288 100000 0 0 2 0 0 1
+4 +3 100000
+4 -3 100000
+4 * 100000 100000 0 0 1 0 0 1
+4 * 100000 0 200000
+4 * 100000
+4 * 100000 0 200000
+4 +3 100000
+4 * 100000
+4 -3 100000 100000
+4 * 100000 0 100000
+4 * 100000
+4 +3 100000 0 0 2 0 0 1
+4 * 100000
+4 * 100000
cfi=(23)
cfn=(104)
calls=100000 0x1363d0 0 
* * 1100110 200022 100022 3 19 0 2 2
+4 * 100000
+4 +2 100000
+4 +2 100000
+4 -2 100000
+4 * 100000
+4 * 100000
cfi=(24) ./stdlib/./stdlib/random_r.c
cfn=(106) random_r
calls=100000 0x3f8d0 +64 
* * 2387100 700000 400000 3 5 0 3 5
+4 +2 100000
+4 * 100000
+4 * 100000
cfi=(23)
cfn=(108)
calls=100000 0x1366b0 0 
* * 900030 200010 100010 2 0 0 2
+4 * 100000
+4 * 100000
+4 +3 100000
+4 * 100000 100000
+4 -1 100000 100000 0 1 0 0 1
+4 +1 100000 100000
+4 * 100000 100000
+4 * 100000
+4 * 100000
+4 * 100000
+4 * 100000 200000
+4 * 100000 200000
+4 * 100000
+4 * 100000

fl=(10) ./malloc/./malloc/malloc.c
fn=(52) malloc
0x92240 3281 1000 0 2000 1 0 0 1
+4 * 1000
+4 * 1000 0 2000
+4 +7 1000
+4 * 1000
+4 -7 1000 0 2000
+4 * 1000
+4 +7 1000 1000 0 0 1 0 0 1
+4 -7 1000 0 2000
+4 +7 1000
+4 1338 1000
+4 +10 1000
+4 * 1000
+4 * 1000 1000
+4 * 1000
+4 3300 1000
+4 * 1000 1000 0 2 1 0 1 1
+4 * 1000
+4 1357 1000
+4 3300 1000
+4 -2 1000
+4 * 1000
+4 * 1000
+4 +2 1000 1000 0 0 1 0 0 1
+4 -2 1000
+4 * 1000
+4 +2 1000
+4 +3 1000
+4 * 1000 1000 0 0 1 0 0 1
+4 * 1000
+4 * 1000
+4 +10 1
+4 * 1 1 0 1 1 0 1 1
+4 * 1
0x9235c +28 999 1998
+4 * 999
+4 * 999 1998
+4 * 999 1998
+4 * 999 1998
+4 * 999
+96 -37 1000 0 0 1 0 0 1
+4 * 1000
+4 +1 1000 1000 0 0 1 0 0 1
+4 * 1000
+4 3187 999
+4 * 999 999
+4 +1 999
+4 * 999
+4 +2 999 999
+4 1473 999
+4 3191 999
+4 -1 999
+4 1473 999 999 0 1 0 0 1
+4 3190 999 0 999
+4 +1 999 0 999
+4 +1 999 0 999
+4 1473 999
+60 3315 1 0 0 1 0 0 1
+4 * 1
+4 * 1
+4 * 1
cfn=(54) _int_malloc
calls=1 0x90b50 3766 
* * 154 39 15 20 4 3 20 4 3
0xa2cac 0 1
+4 0 1 1
+4 0 1 2
+4 0 1

fn=(56) alloc_perturb
0x8e300 1999 1 0 0 1 0 0 1
+4 * 1 1
+4 * 1
+4 +2 1

fn=(54)
0x90b50 3766 1 0 2 1 0 1 1 0 1
+4 * 1
+4 * 1 0 2
+4 1338 1
+4 +10 1 0 2
+4 * 1
+4 * 1
+4 * 1 0 2 0 0 1 0 0 1
+4 * 1
+4 * 1
+4 * 1 0 2
+4 * 1
+4 * 1 1 0 1 0 0 1
+4 * 1
+4 +9 1
+4 * 1
+4 * 1
+4 * 1
+4 3807 1
+4 1804 1
+4 3834 1 1
+4 * 1
+4 * 1
0x90d80 +63 1 0 0 1 0 0 1
+4 * 1
0x912b4 +3 1 0 0 1 0 0 1
+4 * 1
+4 -1 1
+4 * 1 0 0 1 0 0 1
+4 * 1
cfn=(55) _int_malloc'2
calls=1 0x90f0c +1 
* * 105 25 5 13 4 1 13 4 1
0x9235c 3341 1 2 0 1 0 0 1
+4 * 1
+4 * 1 2
+4 * 1 2
+4 * 1 2
+4 * 1
0x9245c 1473 1
+4 3315 1
+4 1473 1 1
+4 * 1
+4 3316 1
+4 476 1
+4 3316 1
+4 476 1 1
+4 * 1
+4 3316 1 1 0 1 0 0 1
+4 * 1
fi=(11) ./malloc/./malloc/arena.c
+4 162 1 1
+4 * 1
fe=(10)

fn=(55)
0x90db8 3980 1
+4 * 1 1
+4 * 1 0 0 1 0 0 1
+4 -1 1
+4 -1 1
+4 +2 1
+4 -1 1
+4 +1 1 1
+4 * 1
+4 * 1
+4 * 1 1
+4 * 1
+4 * 1
+4 +10 1
+4 -6 1
+4 +6 1 1 0 0 1 0 0 1
+4 * 1
+4 * 1
0x90f0c -90 1 0 0 1 0 0 1
+4 * 1
+4 +2 1 1 0 0 1 0 0 1
+4 * 1
+4 * 1
0x91098 4409 1 0 0 1 0 0 1
+4 * 1 2
+4 * 1 2
+4 * 1
0x91138 4001 1 0 2 1 0 0 1
+4 * 1
cfn=(55)
calls=1 0x90db8 -21 
* * 98 24 3 11 3 1 11 3 1
0x911b8 4179 1 0 0 1 0 0 1
+4 * 1
+40 +73 1 0 0 1 0 0 1
+4 +1 1
+4 * 1
+4 * 1
+4 +2 1
+4 -1 1
+4 +1 1
+4 -2 1 0 0 1 0 0 1
+4 +3 1
+4 -3 1
+4 +3 1
+4 +12 1
+4 -13 1 1 0 0 1 0 0 1
+4 +6 1
+4 * 1
+4 * 1
+4 * 1
cfn=(55)
calls=1 0x91458 3854 
* * 61 19 3 7 1 1 7 1 1
0x91458 3854 1 0 0 1 0 0 1
+4 * 1
cfn=(55)
calls=1 +16 4265 
* * 59 19 3 6 1 1 6 1 1
+4 4268 3
+4 * 3 3
+4 * 3
+4 -3 4
+4 * 4
+4 * 4
+4 4365 1 1
+4 +3 1 1
+4 -2 1 1 0 1 1 0 1 1
+4 * 1
+4 +2 1
+4 * 1
+4 +3 1
+4 * 1
+4 * 1
0x91770 +5 1 0 0 1 0 0 1
+4 * 1
+4 * 1
+4 -2 1
+4 +2 1 0 0 1 0 0 1
+4 -3 1
+4 +2 1 0 1
+4 +6 1
+4 -5 1
+4 +2 1
+4 -2 1
+4 * 1 0 1
+4 +6 1
+4 -4 1 0 1 0 0 1 0 0 1
+4 +4 1
+4 +23 1
cfn=(56)
calls=1 0x8e300 1999 
* * 4 1 0 1 0 0 1
+4 * 1 2
+4 * 1 2
+4 * 1 2
+4 * 1 2
+4 * 1 0 0 1 0 0 1
cfn=(55)
calls=1 0x91098 +4 
* * 4 4 0 1 0 0 1

fn=(178) free
fi=(4) /usr/include/c++/12/bits/new_allocator.h
0x2d08 159 1000
+4 * 1000 2000
+4 * 1000
fe=(10)
0x929c4 3350 1000 0 0 1 0 0 1
+4 -4 1000 0 2000
+4 * 1000
+4 * 1000 0 2000
+4 +9 1000
+4 * 1000
+4 -9 1000 0 2000
+4 +12 1000
+4 +2 1000
+4 -5 1000 1000
+4 -9 1000 0 1000
+4 +12 1000
+4 * 1000 1000 0 0 1 0 0 1
+4 * 1000 1000 0 0 1 0 0 1
+4 -3 1000
+4 +7 1000 1000 0 1 0 0 1
+4 * 1000
+72 +17 1000 0 0 1 0 0 1
+4 * 1000 1000
+4 * 1000
+4 * 1000 1000 0 0 1
+4 * 1000
+4 +3 1000
+4 * 1000 1000
+4 * 1000
fi=(11)
+4 162 1000
+72 * 1000 0 0 1 0 0 1
+4 * 1000
+4 * 1000
cfi=(10)
cfn=(179) free'2
calls=1000 -44 3385 
* * 83000 31000 16000 8 19 0 8 1
fe=(10)

fn=(179)
0x92a90 3385 1000
+4 * 1000
+4 * 1000
cfn=(182) _int_free
calls=1000 0x8fa84 4417 
* * 80000 31000 16000 8 19 0 8 1

fn=(182)
0x8fa84 4417 1000 0 0 1 0 0 1
+4 * 1000 0 2000
+4 * 1000
+4 * 1000 0 2000
+4 * 1000
+4 * 1000
+4 * 1000
+4 * 1000 1000 0 0 1
+4 * 1000 0 2000
+4 +10 1000 1000
+4 -10 1000 1000
+4 * 1000 0 1000
+4 * 1000
+4 +10 1000 0 2000
+4 * 1000
+4 +6 1000 0 0 1 0 0 1
+4 * 1000 0 2000
+4 * 1000
+4 * 1000
+4 +1 1000
+4 * 1000
+4 +4 1000
+4 * 1000
+4 * 1000
+4 * 1000
+4 +8 1000
+4 * 1000
+4 * 1000 1000
+4 * 1000
+4 * 1000
+4 * 1000
+4 * 1000 1000 0 1 0 0 1
+4 * 1000
+4 * 1000
+4 * 1000
+4 -1 1000
+4 +10 1000
+4 -9 1000 1000
+4 -1 1000
+4 +1 1000
+4 * 1000
+4 +9 1000
+4 -6 1000
+4 +6 1000 1000
+4 * 1000 1000
+4 +9 1000 1000
+4 -9 1000
+4 * 1000 0 0 1 0 0 1
+4 +20 1000
+4 * 1000 1000 0 0 17
+4 * 1000
+4 * 1000
0x8ff24 3175 1000 0 0 1 0 0 1
+4 +4 1000
+4 -2 1000 1000 0 0 1 0 0 1
+4 * 1000
+4 -2 1000 0 2000
+4 +3 1000 0 1000
+4 +1 1000 0 1000
+4 4478 1000 0 0 1 0 0 1
cfn=(183) _int_free'2
calls=1000 0x8fbe8 4698 
* * 14000 13000 0 2 0 0 2
0x92a9c 3388 1000 0 1000
+4 +1 1000 2000
+4 * 1000 2000
+4 * 1000 1000
+4 * 1000 2000
+4 * 1000

fn=(183)
0x8fbe8 4698 1000 0 0 1 0 0 1
+4 * 1000 1000
+4 * 1000 1000
+4 * 1000 1000
+4 * 1000
+4 * 1000
+4 * 1000 0 0 1 0 0 1
+4 * 1000 2000
+4 * 1000 2000
+4 * 1000 2000
+4 * 1000 2000
+4 * 1000 2000
+4 * 1000
+4 * 1000

fl=(24)
fn=(106)
0x3f8d0 357 100000 0 0 1 0 0 1
+4 * 100000
+4 * 100000
+4 +5 100000 100000 0 0 1 0 0 1
+4 -2 100000 100000
+4 +2 100000
+4 +13 100000 200000
+4 -3 100000 100000 0 0 1 0 0 1
+4 +3 100000 100000 0 0 1 0 0 1
+4 * 100000
+4 * 100000 100000 0 0 2 0 0 2
+4 * 100000
+4 * 100000 0 100000 1 0 0 1
+4 +2 100000
+4 * 100000 0 100000
+4 +2 100000
+4 * 100000
+4 +8 96775
+4 * 96775
+4 -27 3225
+4 +27 3225
+4 +4 3225 0 6450
+4 +2 3225
+4 +5 3225
-8 -7 3225 0 6450
+4 +2 3225
+4 +5 3225
+44 -5 93550 0 0 1 0 0 1
+4 -2 93550 0 187100
+4 * 93550
cfn=(107) random_r'2
calls=93550 -56 +2 
* * 187100

fn=(107)
0x3f928 393 93550
+4 +5 93550

fl=(21) ./stdlib/./stdlib/rand.c
fn=(100) rand
0x3f1f0 26 100000 0 200000 1 0 0 1
+4 * 100000
+4 +1 100000
cfi=(22)
cfn=(102)
calls=100000 0x3f450 288 
* * 8187240 2100032 1100032 13 25 0 10 8
+4 +1 100000 200000
+4 * 100000 0 0 2 0 0 1

ob=(2) /usr/lib/aarch64-linux-gnu/libstdc++.so.6.0.30
fl=(9) ???
fn=(172) operator delete(void*)
0xa0ca0 0 1000 0 0 1000 0 0 1
cob=(3)
cfi=(10)
cfn=(178)
calls=999 0x929c4 3350 
* 0 114885 39960 22977 0 16
cob=(5) /usr/lib/aarch64-linux-gnu/ld-linux-aarch64.so.1
cfi=(13) ./elf/../sysdeps/aarch64/dl-trampoline.S
cfn=(81) _dl_runtime_resolve'2
calls=1 0x10744 38 
* 0 819 283 129 15 31 0 15 25
* 0 4005 1001 2 3 2 0 2 2

fn=(48) operator new(unsigned long)
fi=(4)
0x2dec 138 1000 2000
+4 * 1000
fe=(9)
0xa2c90 0 1000 0 2000 1000 0 0 1
+4 0 1000
+4 0 1000
+4 0 1000 0 1000
+4 0 1000
+4 0 1000
+4 0 1000
cob=(3)
cfi=(10)
cfn=(52)
calls=1000 0x92240 3281 
* 0 54146 17032 11012 27 10 3 26 10 3
* 0 7996 3997 0 2 1 0 1 1

ob=(1) /home/pi/Desktop/LAB2_RTS/bin/sensor_host_fixed
fl=(3) /usr/include/c++/12/bits/allocator.h
fn=(186) std::allocator<int>::~allocator()
0x152c 174 1000 0 2000
+4 * 1000
+4 * 1000 0 1000
+4 * 1000 1000
+4 * 1000
cfi=(4)
cfn=(188) std::__new_allocator<int>::~__new_allocator()
calls=1000 0x1bfc -84 
* * 5000 0 1000
+4 * 1000
+4 * 1000 2000
+4 * 1000

fn=(10) std::allocator<int>::allocator()
0x1bb0 156 1000 0 2000 1 0 0 1
+4 * 1000
+4 * 1000 0 1000
+4 * 1000 1000
+4 * 1000 0 0 1 0 0 1
cfi=(4)
cfn=(12) std::__new_allocator<int>::__new_allocator()
calls=1000 0x2478 -76 
* * 5000 0 1000 3 0 0 2
+4 * 1000
+4 * 1000 2000
+4 * 1000

fl=(26) /usr/include/c++/12/new
fn=(122) operator new(unsigned long, void*)
0x142c 175 101000 0 0 2 0 0 1
+4 * 101000 0 101000
+4 * 101000 0 101000
+4 * 101000 101000
+4 * 101000
+4 * 101000 0 0 1

fl=(1) /home/pi/Desktop/LAB2_RTS/src/sensor_data_processing.cpp
fn=(124) calculate_average(std::vector<int, std::allocator<int> > const&)
0x10dc 26 1 0 2
+4 * 1
+4 * 1 0 1
+4 +1 1 1
+4 * 1
cfi=(2) /usr/include/c++/12/bits/stl_vector.h
cfn=(126) std::vector<int, std::allocator<int> >::empty() const
calls=1 0x17ec 1083 
* * 81 27 24 4 0 0 4
+4 * 1
+4 * 1
+4 * 1
+12 +4 1 0 1 1 0 0 1
+4 +1 1 0 1
+4 * 1
cfn=(125) calculate_average(std::vector<int, std::allocator<int> > const&)'2
calls=1 +48 * 
* * 4036 1414 502 1 0 0 1
0x1214 +18 1 0 1 0 0 1 0 0 1
+4 +2 1
+4 * 1
+4 * 1
cfi=(2)
cfn=(140) std::vector<double, std::allocator<double> >::push_back(double const&)
calls=1 0x1b30 1276 
* * 26211710 8005599 5341990 4042 85 144 30 41 129

fn=(125)
0x10dc 26 999 0 1998
+4 * 999
+4 * 999 0 999
+4 +1 999 999
+4 * 999
cfi=(2)
cfn=(126)
calls=999 0x17ec 1083 
* * 80919 26973 23976
+4 * 999
+4 * 999
+4 * 999
+12 +4 999 0 999
+4 +1 999 0 999
+4 * 999
cfn=(125)
calls=999 +48 * 
* * 4031964 1412586 501498
+4 +1 100000 100000
+4 * 100000 100000
+4 * 100000
cfi=(2)
cfn=(138) std::vector<int, std::allocator<int> >::operator[](unsigned long) const
calls=100000 0x1850 1140 
* * 1000000 300000 200000
+4 * 100000 100000
+4 * 100000
+4 * 100000 100000
+4 * 100000
+4 * 100000 0 100000
+4 -1 100000 100000
+4 * 100000
+4 * 100000 0 100000
+4 * 100000 100000
+4 * 100000
cfi=(2)
cfn=(34) std::vector<int, std::allocator<int> >::size() const
calls=100000 0x1828 987 
* * 1000000 400000 100000
-4 * 1000 1000
+4 * 1000 0 0 1 0 0 1
cfi=(2)
cfn=(34)
calls=1000 0x1828 987 
* * 10000 4000 1000
+4 * 101000
+4 * 101000 101000
+4 * 101000
+4 * 101000
+4 * 101000
+4 * 101000
+4 * 101000
+4 +4 1000 1000
+4 * 1000
cfi=(2)
cfn=(34)
calls=1000 0x1828 987 
* * 10000 4000 1000
+4 * 1000
+4 * 1000 1000
+4 * 1000
+4 +1 1000 2000
+4 * 1000
0x1214 +13 999 0 999
+4 +2 999
+4 * 999
+4 * 999
cfi=(2)
cfn=(141) std::vector<double, std::allocator<double> >::push_back(double const&)'2
calls=999 0x1b30 1276 
* * 13079149007 3994621360 2665599712 1998001 9904 65596 999 0 61256

fn=(2) generate_sensor_data()
0x1058 15 1 0 2 1 0 1 1 0 1
+4 * 1
+4 * 1 0 2
+4 * 1
+4 +1 1
+4 * 1
cfi=(2)
cfn=(4) std::vector<int, std::allocator<int> >::vector()
calls=1 0x1484 526 
* * 50 16 17 7 0 2 7 0 2
+4 +1 1
+4 * 1
+4 * 1
cfi=(5) /usr/include/c++/12/bits/vector.tcc
cfn=(16) std::vector<int, std::allocator<int> >::reserve(unsigned long)
calls=1 0x1618 +50 
* * 22505 6702 4815 124 80 20 123 80 20
0x120c +33 1 0 0 1
+4 * 1
cfn=(124)
calls=1 0x10dc -24 
* * 26215842 8007041 5342522 4048 85 145 36 41 130

fn=(3) generate_sensor_data()'2
0x1058 15 999 0 1998
+4 * 999
+4 * 999 0 1998
+4 * 999
+4 +1 999
+4 * 999
cfi=(2)
cfn=(4)
calls=999 0x1484 526 
* * 49950 15984 16983 2
+4 +1 999
+4 * 999
+4 * 999
cfi=(5)
cfn=(16)
calls=999 0x1618 +50 
* * 21668544 6430594 4695331 1008 19 1 1
+12 +3 1000
cfn=(74) read_sensor_value()
calls=1000 -80 -9 
* * 21291907 6304267 4600134 71 86 16 65 68 15
+36 -1 1000 1000
+4 * 1000
+4 * 1000
+28 +5 1000 0 0 1 0 0 1
+4 * 1000 2000
+4 * 1000 2000
+4 * 1000
0x120c +26 999
+4 * 999
cfn=(125)
calls=999 0x10dc -24 
* * 13083276875 3996061918 2666131180 1998001 9904 65596 999 0 61256

fn=(0) main
0x11ec 46 1 0 0 1 0 0 1
+4 * 1 0 1 0 0 1 0 0 1
+4 * 1 1
+4 +1 1 0 1
+4 * 1
cfn=(1) main'2
calls=1 0x12e0 * 
* * 26238414 8013760 5347358 4183 165 168 169 121 153

fn=(1)
0x1200 48 1 0 0 1 0 0 1
+4 * 1
+4 * 1
cfn=(2)
calls=1 0x1058 -33 
* * 26238408 8013759 5347358 4181 165 168 167 121 153
0x12e0 -1 1 1 0 1 0 0 1
+4 * 1
+4 * 1

fn=(74)
0x1034 11 1000 0 2000 1 0 0 1
+4 * 1000
+4 +1 1000
cob=(3)
cfi=(21)
cfn=(100)
calls=999 0x3f1f0 +14 
* * 86785 22977 12987 4 17
cob=(5)
cfi=(13)
cfn=(80) _dl_runtime_resolve
calls=1 0x10744 +26 
* * 754 258 114 50 65 9 50 65 9
* * 10005 3001 2 3 3 0 3 2
+76 +8 1000 0 1000
+4 * 1000
+4 * 1000
+4 * 1000
+4 * 1000
cfi=(2)
cfn=(110) std::vector<int, std::allocator<int> >::push_back(int&&)
calls=1000 0x17bc 1293 
* * 21186363 6278031 4584031 13 1 7 11 1 6

fn=(75) read_sensor_value()'2
0x1034 11 99000 0 198000
+4 * 99000
+4 +1 99000
cob=(3)
cfi=(21)
cfn=(100)
calls=99000 0x3f1f0 +14 
* * 8600363 2277031 1287031 0 1 0 0 1
* * 990000 297000
+76 +8 99000 0 99000
+4 * 99000
+4 * 99000
+4 * 99000
+4 * 99000
cfi=(2)
cfn=(111) std::vector<int, std::allocator<int> >::push_back(int&&)'2
calls=99000 0x17bc 1293 
* * 1043733285 309673831 226117831 99 15 256 99 15 240

fl=(27) /usr/include/c++/12/bits/stl_iterator.h
fn=(136) __gnu_cxx::__normal_iterator<int const*, std::vector<int, std::allocator<int> > >::base() const
0x291c 1158 2000
+4 * 2000 0 2000
+4 +1 2000 2000
+4 * 2000
+4 * 2000

fn=(134) bool __gnu_cxx::operator==<int const*, std::vector<int, std::allocator<int> > >(__gnu_cxx::__normal_iterator<int const*, std::vector<int, std::allocator<int> > > const&, __gnu_cxx::__normal_iterator<int const*, std::vector<int, std::allocator<int> > > const&)
0x1ee4 1221 1000 0 2000
+4 * 1000
+4 * 1000 0 1000
+4 * 1000 0 1000
+4 * 1000 0 1000
+4 +3 1000 1000
+4 * 1000
cfn=(136)
calls=1000 0x291c -66 
* * 5000 1000 1000
+4 * 1000 1000 0 1 0 0 1
+4 * 1000 1000
+4 * 1000
cfn=(136)
calls=1000 0x291c -66 
* * 5000 1000 1000
+4 * 1000 1000
+4 * 1000
+4 * 1000
+4 * 1000
+4 * 1000 1000
+4 * 1000 2000
+4 * 1000

fn=(130) __gnu_cxx::__normal_iterator<int const*, std::vector<int, std::allocator<int> > >::__normal_iterator(int const* const&)
0x28f4 1072 2000 0 0 1 0 0 1
+4 * 2000 0 2000
+4 * 2000 0 2000
+4 +1 2000 2000 0 1 0 0 1
+4 * 2000 2000
+4 * 2000 2000
+4 * 2000 0 2000
+4 * 2000
+4 * 2000
+4 * 2000

fl=(5)
fn=(16)
fi=(1)
0x107c 19 1000 0 1000
+4 * 1000 0 0 1 0 0 1
cfn=(3)
calls=1000 +40 * 
* * 21295907 6305267 4600134 71 86 16 65 68 15
fe=(5)
0x1618 +48 1000 0 2000 1 0 0 1
+4 * 1000
+4 * 1000 0 2000
+4 * 1000 0 1000
+4 * 1000 0 1000
+4 +3 1000 1000
+4 * 1000
cfi=(2)
cfn=(18) std::vector<int, std::allocator<int> >::max_size() const
calls=1000 0x1c8c 993 
* * 58000 19000 18000 8 0 2 7 0 2
+4 * 1000
+4 * 1000 1000
+4 * 1000
+4 * 1000 0 0 1 0 0 1
+4 * 1000
+4 * 1000
+4 * 1000
+16 +2 1000 1000
+4 * 1000
cfi=(2)
cfn=(32) std::vector<int, std::allocator<int> >::capacity() const
calls=1000 0x1cac 1073 
* * 10000 4000 1000 1 0 0 1
+4 * 1000
+4 * 1000 1000
+4 * 1000
+4 * 1000
+4 * 1000
+4 * 1000
+4 * 1000
+4 +2 1000 1000 0 1 0 0 1
+4 * 1000
cfi=(2)
cfn=(34)
calls=1000 0x1828 987 
* * 10000 4000 1000 2 0 0 2
+4 * 1000 0 1000
+4 +3 1000
cfi=(2)
cfn=(36) std::vector<int, std::allocator<int> >::_S_use_relocate()
calls=1000 0x15ec 478 
* * 11000 2000 3000 1 0 0 1
+4 * 1000
+4 * 1000
+4 * 1000
+4 +2 1000 1000
+4 * 1000 1000
+4 * 1000
cfi=(2)
cfn=(40) std::_Vector_base<int, std::allocator<int> >::_M_allocate(unsigned long)
calls=1000 0x1cd4 375 
* * 271142 96029 69012 1045 13 3 44 12 3

fn=(17) std::vector<int, std::allocator<int> >::reserve(unsigned long)'2
0x1738 93 1000 1000 0 1 0 0 1
+4 * 1000 1000
+4 * 1000 1000 0 1 0 0 1
+4 +1 1000 1000
+4 * 1000 1000
+4 +1 1000 1000
+4 * 1000 1000
+4 * 1000
+4 * 1000
+4 -2 1000
+4 * 1000
+4 * 1000
+4 * 1000
cfi=(2)
cfn=(72) std::_Vector_base<int, std::allocator<int> >::_M_deallocate(int*, unsigned long)
calls=1000 0x1c10 383 
* * 11000 3000 5000 1 0 0 1
+4 +3 1000 1000
+4 * 1000 1000
+4 * 1000 0 1000
+4 +1 1000 1000
+4 * 1000
+4 * 1000 1000 0 1 0 0 1
+4 * 1000
+4 * 1000 1000
+4 * 1000 0 1000
+4 +1 1000 1000
+4 * 1000 1000
+4 * 1000 1000
+4 * 1000
+4 * 1000
+4 * 1000 1000
+4 * 1000 0 1000
+4 +2 1000
+4 * 1000 2000
+4 * 1000 2000
+4 * 1000

fn=(114) void std::vector<int, std::allocator<int> >::emplace_back<int>(int&&)
fi=(2)
0x17e0 1294 100000
+4 * 100000 200000
+4 * 100000
fe=(5)
0x1dfc 111 100000 0 200000
+4 * 100000 0 0 1 0 0 1
+4 * 100000 0 200000
+4 * 100000 0 100000
+4 * 100000 0 100000
+4 +3 100000 100000
+4 * 100000 100000
+4 * 100000 100000
+4 * 100000 100000
+4 * 100000
+4 * 100000
+4 +3 100000 100000
+4 * 100000 100000
+4 * 100000 100000
+4 * 100000 100000
+4 * 100000
cfi=(25) /usr/include/c++/12/bits/move.h
cfn=(116) int&& std::forward<int>(std::remove_reference<int>::type&)
calls=100000 0x25f0 -40 
* * 500000 100000 100000 2 0 0 2
+4 * 100000
+4 * 100000 0 0 1 0 0 1
+4 * 100000
+4 * 100000
cfi=(6) /usr/include/c++/12/bits/alloc_traits.h
cfn=(118) void std::allocator_traits<std::allocator<int> >::construct<int, int>(std::allocator<int>&, int*, int&&)
calls=100000 0x2604 511 
* * 4900000 1400000 1600000 5 0 7 3 0 6
+4 +2 100000 100000
+4 * 100000 100000
+4 * 100000
+4 * 100000 100000
+4 * 100000 0 100000
+4 +8 100000
cfn=(115) void std::vector<int, std::allocator<int> >::emplace_back<int>(int&&)'2
calls=100000 +40 * 
* * 400000 400000 0 1 0 0 1

fn=(115)
0x1e88 127 100000 0 0 1 0 0 1
+4 * 100000 200000
+4 * 100000 200000
+4 * 100000

fl=(31) /usr/include/c++/12/bits/stl_construct.h
fn=(160) void std::_Destroy<int*>(int*, int*)
0x24bc 182 1000 0 2000 1
+4 * 1000
+4 * 1000 0 1000
+4 * 1000 0 1000
+4 +14 1000 1000
+4 * 1000 1000
+4 * 1000
cfn=(162) void std::_Destroy_aux<true>::__destroy<int*>(int*, int*)
calls=1000 0x2d14 -24 
* * 6000 0 2000
+4 +1 1000
+4 * 1000 2000
+4 * 1000

fn=(162)
0x2d14 172 1000
+4 * 1000 0 1000
+4 * 1000 0 1000
+4 * 1000
+4 * 1000
+4 * 1000

fl=(6)
fn=(166) std::allocator_traits<std::allocator<int> >::deallocate(std::allocator<int>&, int*, unsigned long)
fi=(2)
0x1c40 388 1000
+4 * 1000 2000 0 0 1
+4 * 1000
fe=(6)
0x248c 495 1000 0 2000
+4 * 1000
+4 * 1000 0 1000
+4 * 1000 0 1000
+4 * 1000 0 1000
+4 +1 1000 1000
+4 * 1000 1000
+4 * 1000 1000
+4 * 1000
cfi=(4)
cfn=(168) std::__new_allocator<int>::deallocate(int*, unsigned long)
calls=1000 0x2cec 142 
* * 135349 45463 28206 2020 65 3 19 41 3

fn=(42) std::allocator_traits<std::allocator<int> >::allocate(std::allocator<int>&, unsigned long)
fi=(2)
0x1cfc 378 1000
cfn=(41) std::_Vector_base<int, std::allocator<int> >::_M_allocate(unsigned long)'2
calls=1000 +8 +1 
* * 2000 2000 0 1 0 0 1
fe=(6)
0x2530 +85 1000 0 2000
+4 * 1000
+4 * 1000 0 1000
+4 * 1000 0 1000
+4 +1 1000 0 0 1 0 0 1
+4 * 1000 1000
+4 * 1000 1000
+4 * 1000
cfi=(4)
cfn=(44) std::__new_allocator<int>::allocate(unsigned long, void const*)
calls=1000 0x2d80 112 
* * 103142 29029 20012 1032 13 3 31 12 3

fn=(142) void std::allocator_traits<std::allocator<double> >::construct<double, double const&>(std::allocator<double>&, double*, double const&)
0x2188 511 1000 0 2000 1 0 0 1
+4 * 1000
+4 * 1000 0 1000
+4 * 1000 0 1000
+4 * 1000 0 1000
+4 +5 1000 1000
+4 * 1000
cfi=(25)
cfn=(144) double const& std::forward<double const&>(std::remove_reference<double const&>::type&)
calls=1000 0x2aa8 77 
* * 5000 1000 1000 1 0 0 1
+4 * 1000
+4 * 1000 1000
+4 * 1000 1000
+4 * 1000
cfi=(4)
cfn=(146) void std::__new_allocator<double>::construct<double, double const&>(double*, double const&)
calls=1000 0x2abc 173 
* * 30000 8000 10000 2 0 139 2 0 125
+4 +4 1000
+4 * 1000 2000
+4 * 1000

fn=(118)
0x2604 511 100000 0 200000
+4 * 100000
+4 * 100000 0 100000
+4 * 100000 0 100000
+4 * 100000 0 100000
+4 +5 100000 100000
+4 * 100000
cfi=(25)
cfn=(116)
calls=100000 -44 77 
* * 500000 100000 100000
+4 * 100000
+4 * 100000 100000
+4 * 100000 100000
+4 * 100000
cfi=(4)
cfn=(120) void std::__new_allocator<int>::construct<int, int>(int*, int&&)
calls=100000 0x2ea0 173 
* * 3000000 800000 1000000 5 0 7 3 0 6
+4 +4 100000
+4 * 100000 200000
+4 * 100000

fn=(158) void std::_Destroy<int*, int>(int*, int*, std::allocator<int>&)
0x1c60 847 1000 0 2000
+4 * 1000
+4 * 1000 0 1000
+4 * 1000 0 1000
+4 * 1000 0 1000
+4 +3 1000 1000
+4 * 1000 1000
+4 * 1000
cfi=(31)
cfn=(160)
calls=1000 0x24bc 182 
* * 16000 4000 6000 1
+4 +1 1000 0 0 1000
+4 * 1000 2000
+4 * 1000

fn=(24) std::allocator_traits<std::allocator<int> >::max_size(std::allocator<int> const&)
0x2d2c 547 1000 0 2000 1 0 1 1 0 1
+4 * 1000
+4 * 1000 0 1000
+4 +3 1000 1000
+4 * 1000
cfi=(4)
cfn=(26) std::__new_allocator<int>::max_size() const
calls=1000 0x329c 167 
* * 12000 3000 4000 3 0 1 2 0 1
+4 +4 1000 2000 0 1 0 0 1
+4 * 1000

fl=(25)
fn=(144)
0x2aa8 77 2000 0 0 1 0 0 1
+4 * 2000 0 2000
+4 +1 2000 2000
+4 * 2000
+4 * 2000

fn=(112) std::remove_reference<int&>::type&& std::move<int&>(int&)
0x1de8 104 100000 0 0 1 0 0 1
+4 * 100000 0 100000
+4 +1 100000 100000
+4 * 100000
+4 * 100000

fn=(116)
0x25f0 77 300000 0 0 1 0 0 1
+4 * 300000 0 300000
+4 +1 300000 300000
+4 * 300000
+4 * 300000 0 0 1 0 0 1

fl=(2)
fn=(60) std::_Vector_base<int, std::allocator<int> >::_M_get_Tp_allocator()
0x1c4c 298 2000 0 0 1 0 0 1
+4 * 2000 0 2000
+4 +1 2000 2000
+4 * 2000
+4 * 2000

fn=(132) std::vector<int, std::allocator<int> >::end() const
0x1ebc 898 1000 0 2000
+4 * 1000 0 0 1 0 0 1
+4 * 1000 0 1000
+4 +1 1000 1000
+4 * 1000
+4 * 1000
+4 * 1000
cfi=(27)
cfn=(130)
calls=1000 0x28f4 1072 
* * 10000 3000 3000
+4 * 1000 1000
+4 * 1000 2000
+4 * 1000

fn=(8) std::_Vector_base<int, std::allocator<int> >::_Vector_impl::_Vector_impl()
0x1504 137 1000 0 2000 1 0 1 1 0 1
+4 * 1000
+4 * 1000 0 1000
+4 +2 1000 1000
+4 * 1000
cfi=(3)
cfn=(10)
calls=1000 0x1bb0 +17 
* * 13000 3000 4000 5 0 0 4
+4 * 1000 1000
+4 * 1000
cfn=(14) std::_Vector_base<int, std::allocator<int> >::_Vector_impl_data::_Vector_impl_data()
calls=1000 0x1bd0 -40 
* * 11000 3000 4000
+4 +1 1000
+4 * 1000 2000
+4 * 1000

fn=(34)
0x1828 987 103000 0 0 1 0 0 1
+4 * 103000 0 103000
+4 +1 103000 103000
+4 * 103000 103000
+4 * 103000 103000
+4 * 103000 103000
+4 * 103000 0 0 1 0 0 1
+4 * 103000
+4 * 103000
+4 * 103000

fn=(14)
0x1bd0 99 1000
+4 * 1000 0 1000
+4 +1 1000 1000
+4 * 1000 0 1000
+4 * 1000 1000
+4 * 1000 0 1000
+4 * 1000 1000
+4 * 1000 0 1000
+4 +1 1000
+4 * 1000
+4 * 1000

fn=(6) std::_Vector_base<int, std::allocator<int> >::_Vector_base()
0x1464 312 1000 0 2000 1 0 0 1
+4 * 1000
+4 * 1000 0 1000
+4 * 1000 1000
+4 * 1000
cfn=(8)
calls=1000 0x1504 137 
* * 34000 10000 11000 6 0 1 5 0 1
+4 * 1000
+4 * 1000 2000
+4 * 1000

fn=(32)
0x1cac 1073 1000
+4 * 1000 0 1000
+4 +1 1000 1000
+4 * 1000 1000
+4 +1 1000 1000
+4 * 1000 1000 0 1 0 0 1
+4 * 1000
+4 * 1000
+4 * 1000
+4 * 1000

fn=(138)
0x1850 1140 100000
+4 * 100000 0 100000
+4 * 100000 0 100000
+4 +3 100000 100000
+4 * 100000 100000
+4 * 100000 100000
+4 * 100000
+4 * 100000
+4 +1 100000
+4 * 100000

fn=(126)
0x17ec 1083 1000 0 2000
+4 * 1000
+4 * 1000 0 1000
+4 +1 1000 1000
+4 * 1000
cfn=(128) std::vector<int, std::allocator<int> >::begin() const
calls=1000 0x1e98 878 
* * 19000 7000 6000 2 0 0 2
+4 * 1000 0 1000
+4 * 1000 1000
+4 * 1000
cfn=(132)
calls=1000 0x1ebc 898 
* * 20000 7000 6000 1 0 0 1
+4 * 1000 0 1000
+4 * 1000
+4 * 1000
+4 * 1000
cfi=(27)
cfn=(134)
calls=1000 0x1ee4 1221 
* * 27000 9000 7000 1 0 0 1
+4 * 1000
+4 * 1000 2000
+4 * 1000

fn=(72)
0x1588 368 1000 1000
+4 * 1000
cfn=(184) std::_Vector_base<int, std::allocator<int> >::_Vector_impl::~_Vector_impl()
calls=1000 0x1444 133 
* * 21000 6000 7000
+4 * 1000
+4 * 1000 2000
+4 * 1000
0x1c10 +15 2000 0 4000 1 0 0 1
+4 * 2000
+4 * 2000 0 2000
+4 * 2000 0 2000
+4 * 2000 0 2000
+4 +3 2000 2000
+4 * 2000
+4 * 2000
+4 +1 1000 1000
+4 * 1000 1000
+4 * 1000 1000
+4 * 1000
cfi=(6)
cfn=(166)
calls=1000 0x248c 495 
* * 147349 50463 33206 2020 66 3 19 41 3
+4 +1 1000
+4 * 1000 2000
+4 * 1000

fn=(20) std::_Vector_base<int, std::allocator<int> >::_M_get_Tp_allocator() const
0x251c 303 1000 0 0 1 0 0 1
+4 * 1000 0 1000
+4 +1 1000 1000
+4 * 1000
+4 * 1000

fn=(22) std::vector<int, std::allocator<int> >::_S_max_size(std::allocator<int> const&)
0x24e4 1911 1000 0 2000 1 0 0 1
+4 * 1000
+4 * 1000 0 1000
+4 +5 1000
+4 * 1000 0 1000
+4 +2 1000 1000
+4 * 1000
cfi=(6)
cfn=(24)
calls=1000 0x2d2c 547 
* * 19000 6000 7000 5 0 2 4 0 2
+4 * 1000 0 1000
+4 +1 1000
+4 * 1000
+4 * 1000
cfi=(7) /usr/include/c++/12/bits/stl_algobase.h
cfn=(30) unsigned long const& std::min<unsigned long>(unsigned long const&, unsigned long const&)
calls=1000 0x2d48 230 
* * 12000 5000 2000
+4 * 1000 1000
+4 +1 1000 2000
+4 * 1000

fn=(164) std::_Vector_base<int, std::allocator<int> >::~_Vector_base()
0x154c 364 1000 0 2000 1 0 0 1
+4 * 1000
+4 * 1000 0 1000
+4 +2 1000 1000
+4 * 1000 1000
+4 +1 1000 1000
+4 * 1000 1000
+4 * 1000 1000
+4 * 1000 1000
+4 * 1000
+4 * 1000
+4 -1 1000
+4 * 1000
+4 * 1000 1000
+4 * 1000
cfn=(72)
calls=1000 0x1c10 +17 
* * 185349 63463 45206 2020 66 3 19 41 3
+88 733 1000
+4 * 1000 2000
+4 * 1000 2000
+4 * 1000

fn=(140)
fi=(1)
cfn=(156) std::vector<int, std::allocator<int> >::~vector()
calls=1 0x159c 728 
0x1278 54 26211617 8005572 5341962 4034 85 142 23 41 127
fi=(1)
0x1278 54 5 0 1 1
fe=(2)
0x1b30 1276 1 0 2 1 0 0 1
+4 * 1
+4 * 1 0 1
+4 * 1 0 1
+4 +2 1 1 0 1 0 0 1
+4 * 1 1
+4 * 1 1
+4 * 1 1
+4 * 1
+4 * 1
+4 +3 1 1
+4 * 1 1
+4 * 1 1
+4 * 1 1
+4 * 1
+4 * 1
+4 * 1
cfi=(6)
cfn=(142)
calls=1 0x2188 511 
* * 49 14 16 4 0 1 4 0 1
+4 +2 1 1
+4 * 1 1
+4 * 1
+4 * 1 1
+4 * 1 0 1
+4 +5 1
cfn=(141)
calls=1 +28 * 
* * 3 2

fn=(141)
fi=(1)
cfn=(157) std::vector<int, std::allocator<int> >::~vector()'2
calls=999 0x159c 728 
0x1278 54 13079056100 3994594387 2665571740 1998001 9904 65458 999 0 61132
fi=(1)
0x1278 54 4995 0 999
fe=(2)
0x1b30 1276 999 0 1998
+4 * 999
+4 * 999 0 999
+4 * 999 0 999
+4 +2 999 999
+4 * 999 999
+4 * 999 999
+4 * 999 999
+4 * 999
+4 * 999
+4 +3 999 999
+4 * 999 999
+4 * 999 999
+4 * 999 999
+4 * 999
+4 * 999
+4 * 999
cfi=(6)
cfn=(142)
calls=999 0x2188 511 
* * 48951 13986 15984 0 0 138 0 0 124
+4 +2 999 999
+4 * 999 999
+4 * 999
+4 * 999 999
+4 * 999 0 999
+4 +5 999
cfn=(141)
calls=999 +28 * 
* * 2997 1998
+28 * 1000
+4 * 1000 2000
+4 * 1000

fn=(184)
0x1444 133 1000 0 2000
+4 * 1000
+4 * 1000 0 1000
+4 * 1000 1000
+4 * 1000
cfi=(3)
cfn=(186)
calls=1000 0x152c +41 
* * 13000 3000 4000
+4 * 1000
+4 * 1000 2000
+4 * 1000

fn=(38) std::vector<int, std::allocator<int> >::_S_nothrow_relocate(std::integral_constant<bool, true>)
0x1604 465 1000
+4 * 1000 0 1000
+4 +5 1000
+4 +1 1000
+4 * 1000

fn=(62) std::vector<int, std::allocator<int> >::_S_relocate(int*, int*, int*, std::allocator<int>&)
0x1d0c 499 1000 0 2000
+4 * 1000
+4 * 1000 0 1000
+4 * 1000 0 1000
+4 * 1000 0 1000
+4 * 1000 0 1000
+4 +8 1000 1000
+4 * 1000 1000
+4 * 1000 1000
+4 * 1000 1000
+4 * 1000
cfn=(64) std::vector<int, std::allocator<int> >::_S_do_relocate(int*, int*, int*, std::allocator<int>&, std::integral_constant<bool, true>)
calls=1000 0x2558 -20 
* * 72000 24000 25000 5 0 0 5
+4 +2 1000 2000
+4 * 1000

fn=(110)
fi=(1)
0x1084 20 1000
cfn=(75)
calls=1000 -80 -9 
* * 21078363 6241031 4554031 1 1 6 1 1 5
+24 -1 1000 1000
+4 * 1000
+4 * 1000 0 1000
+4 * 1000 1000
+4 * 1000
+4 * 1000
fe=(2)
0x17bc 1293 1000 0 2000
+4 * 1000 0 0 1 0 0 1
+4 * 1000 0 1000
+4 * 1000 0 1000
+4 +1 1000 1000
+4 * 1000
cfi=(25)
cfn=(112)
calls=1000 0x1de8 104 
* * 5000 1000 1000 1 0 0 1
+4 * 1000
+4 * 1000 1000
+4 * 1000
cfi=(5)
cfn=(114)
calls=1000 0x1dfc 111 
* * 87000 32000 24000 10 0 1 8 0 1

fn=(111)
fi=(1)
0x1084 20 98000
cfn=(75)
calls=98000 -80 -9 
* * 1033037285 306006831 223147831 98 15 250 98 15 235
+24 -1 99000 99000
+4 * 99000
+4 * 99000 0 99000
+4 * 99000 99000
+4 * 99000
+4 * 99000
+4 +4 1000
cfn=(3)
calls=1000 +24 +1 
* * 4000 4000 0 1 0 0 1
fe=(2)
0x17bc 1293 99000 0 198000
+4 * 99000
+4 * 99000 0 99000
+4 * 99000 0 99000
+4 +1 99000 99000
+4 * 99000
cfi=(25)
cfn=(112)
calls=99000 0x1de8 104 
* * 495000 99000 99000
+4 * 99000
+4 * 99000 99000
+4 * 99000
cfi=(5)
cfn=(114)
calls=99000 0x1dfc 111 
* * 8613000 3168000 2376000 0 0 6 0 0 5

fn=(128)
0x1e98 878 1000 0 2000
+4 * 1000
+4 * 1000 0 1000
+4 +1 1000 1000
+4 * 1000
+4 * 1000
cfi=(27)
cfn=(130)
calls=1000 0x28f4 1072 
* * 10000 3000 3000 2 0 0 2
+4 * 1000 1000
+4 * 1000 2000
+4 * 1000

fn=(156)
fi=(1)
0x1200 48 1
+4 * 1
+4 * 1
cfn=(3)
calls=1 0x1058 -33 
* * 26210008 8005018 5341690 4009 35 139 2 0 124
0x12d4 -1 1 1
+4 * 1
+4 * 1 0 1
+4 * 1 1
+4 * 1
+4 * 1
fe=(2)
0x159c 728 1 0 2 1 0 0 1
+4 * 1
+4 * 1 0 2
+4 * 1 0 1
+4 +2 1 1
+4 * 1 1
+4 * 1 1
+4 * 1 1
+4 +1 1 1
+4 * 1
cfn=(60)
calls=1 0x1c4c 298 
* * 5 1 1
+4 -1 1
+4 * 1
+4 * 1
+4 * 1
cfi=(6)
cfn=(158)
calls=1 0x1c60 847 
* * 27 8 11 2
+4 +3 1 1
+4 * 1
cfn=(164)
calls=1 0x154c 364 
* * 1552 537 254 22 50 3 20 41 3

fn=(157)
fi=(1)
0x1200 48 998
+4 * 998
+4 * 998
cfn=(3)
calls=998 0x1058 -33 
* * 13078796350 3994503478 2665505800 1995002 9888 65458 998 0 61132
0x12d4 -1 999 999
+4 * 999
+4 * 999 0 999
+4 * 999 999
+4 * 999
+4 * 999
fe=(2)
0x159c 728 999 0 1998
+4 * 999
+4 * 999 0 1998
+4 * 999 0 999
+4 +2 999 999
+4 * 999 999
+4 * 999 999
+4 * 999 999
+4 +1 999 999
+4 * 999
cfn=(60)
calls=999 0x1c4c 298 
* * 4995 999 999
+4 -1 999
+4 * 999
+4 * 999
+4 * 999
cfi=(6)
cfn=(158)
calls=999 0x1c60 847 
* * 26973 7992 10989 999
+4 +3 999 999
+4 * 999
cfn=(164)
calls=999 0x154c 364 
* * 202797 73926 47952 1999 16

fn=(64)
0x2558 487 1000 0 2000
+4 * 1000
+4 * 1000 0 1000
+4 * 1000 0 1000
+4 * 1000 0 1000
+4 * 1000 0 1000
+4 * 1000 0 1000
+4 +3 1000 1000
+4 * 1000 1000
+4 * 1000 1000
+4 * 1000 1000 0 1 0 0 1
+4 * 1000
cfi=(12) /usr/include/c++/12/bits/stl_uninitialized.h
cfn=(66) int* std::__relocate_a<int*, int*, std::allocator<int> >(int*, int*, int*, std::allocator<int>&)
calls=1000 0x2df4 1127 
* * 58000 18000 18000 4 0 0 4
+4 +1 1000 2000
+4 * 1000

fn=(18)
0x1c8c 993 1000 0 2000 1 0 0 1
+4 * 1000
+4 * 1000 0 1000
+4 +1 1000 1000
+4 * 1000
cfn=(20)
calls=1000 0x251c 303 
* * 5000 1000 1000 1 0 0 1
+4 * 1000
cfn=(22)
calls=1000 0x24e4 1911 
* * 45000 15000 14000 6 0 2 5 0 2
+4 * 1000 2000
+4 * 1000

fn=(40)
fi=(5)
0x16a8 79 1000 0 1000
+4 +1 1000 1000
+4 * 1000 1000
+4 * 1000 1000
+4 * 1000 1000
+4 +1 1000 1000
+4 * 1000 0 0 1 0 0 1
cfi=(2)
cfn=(60)
calls=1000 0x1c4c 298 
* * 5000 1000 1000 1 0 0 1
+4 -1 1000
+4 * 1000 1000
+4 * 1000
+4 * 1000
+4 * 1000
cfi=(2)
cfn=(62)
calls=1000 0x1d0c 499 
* * 85000 30000 31000 5 0 0 5
+4 * 1000
cfn=(17)
calls=1000 +96 +13 
* * 44000 23000 8000 4 0 0 4
fe=(2)
0x1cd4 375 1000 0 2000
+4 * 1000
+4 * 1000 0 1000
+4 * 1000 0 1000
+4 +3 1000 1000
+4 * 1000
+4 * 1000
+4 * 1000 1000
+4 * 1000 1000
+4 * 1000
cfi=(6)
cfn=(42)
calls=1000 0x2530 +85 
* * 114142 33029 24012 1034 13 3 33 12 3

fn=(41)
0x1d04 379 1000 2000 0 1 0 0 1
+4 * 1000

fn=(4)
0x1484 526 1000 0 2000 2 0 1 1 0 1
+4 * 1000
+4 * 1000 0 1000
+4 * 1000 1000
+4 * 1000
cfn=(6)
calls=1000 -48 312 
* * 42000 13000 14000 7 0 1 6 0 1
+4 * 1000
+4 * 1000 2000
+4 * 1000

fn=(36)
0x15ec 478 1000 0 2000 1 0 0 1
+4 * 1000
+4 +5 1000
cfn=(38)
calls=1000 +16 -18 
* * 5000 0 1000
+4 * 1000
+4 +1 1000 2000
+4 * 1000

fl=(7)
fn=(68) int* std::__niter_base<int*>(int*)
0x32cc 313 3000
+4 * 3000 0 3000
+4 +2 3000 3000
+4 * 3000
+4 * 3000

fn=(30)
0x2d48 230 1000
+4 * 1000 0 1000
+4 * 1000 0 1000
+4 +5 1000 1000
+4 * 1000 1000
+4 * 1000 1000
+4 * 1000 1000
+4 * 1000
+4 * 1000
+12 +2 1000 1000
+4 +1 1000
+4 * 1000

fl=(4)
fn=(188)
0x1bfc 90 1000
+4 * 1000 0 1000
+4 * 1000
+4 * 1000
+4 * 1000

fn=(12)
0x2478 80 1000 0 0 2 0 0 1
+4 * 1000 0 1000
+4 * 1000 0 0 1 0 0 1
+4 * 1000
+4 * 1000

fn=(146)
0x2abc 173 1000 0 2000
+4 * 1000 0 0 1 0 0 1
+4 * 1000 0 1000
+4 * 1000 0 1000
+4 * 1000 0 1000
+4 * 1000 0 1000
+4 +2 1000 1000
+4 * 1000
+4 * 1000
+4 * 1000
cfi=(26)
cfn=(122)
calls=1000 0x142c * 
* * 6000 1000 2000
+4 * 1000
+4 * 1000 1000
+4 * 1000
cfi=(25)
cfn=(144)
calls=1000 -68 -98 
* * 5000 1000 1000
+4 * 1000 1000
+4 * 1000 0 1000 0 0 139 0 0 125
+4 * 1000
+4 * 1000 1000
+4 * 1000 2000 0 1 0 0 1
+4 * 1000

fn=(44)
fi=(6)
0x2550 464 1000 2000
+4 * 1000
fe=(4)
0x2d80 112 1000 0 2000 1 0 0 1
+4 * 1000
+4 * 1000 0 1000
+4 * 1000 0 1000
+4 * 1000 0 1000
+4 +8 1000 1000
+4 * 1000
cfn=(28) std::__new_allocator<int>::_M_max_size() const
calls=1000 0x32b8 +90 
* * 5000 0 1000
+4 * 1000
+4 * 1000 1000
+4 * 1000
+4 * 1000
+4 * 1000
+4 * 1000
+4 * 1000
+4 * 1000
+4 * 1000
+4 * 1000 0 0 1 0 0 1
+4 * 1000
+28 +17 1000 1000
+4 * 1000
+4 * 1000
cob=(2)
cfi=(9)
cfn=(48)
calls=1000 0xa2c90 0 
* * 71142 23029 14012 1029 11 3 28 11 3
* * 4000 1000 0 1 2 0 1 1

fn=(28)
0x32b8 210 2000
+4 * 2000 0 2000 0 0 1 0 0 1
+4 +3 2000 0 0 1 0 0 1
+4 +4 2000
+4 * 2000

fn=(26)
0x329c 167 1000 0 2000 2 0 0 1
+4 * 1000
+4 * 1000 0 1000
+4 +1 1000 1000
+4 * 1000
cfn=(28)
calls=1000 +12 +42 
* * 5000 0 1000 1 0 1 1 0 1
+4 * 1000 2000
+4 * 1000

fn=(168)
fi=(6)
0x24b0 496 1000
+4 * 1000 2000 0 0 1
+4 * 1000
fe=(4)
0x2cec 142 1000 0 2000 1 0 0 1
+4 * 1000
+4 * 1000 0 1000
+4 * 1000 0 1000
+4 * 1000 0 1000
+4 +16 1000 1000
+4 * 1000
cob=(2)
cfi=(9)
cfn=(172)
calls=999 0xa0ca0 0 
* * 119880 40959 22977 1000 16
cob=(5)
cfi=(13)
cfn=(80)
calls=1 0x10744 38 
* * 1464 503 227 19 48 3 18 41 3
* * 4005 1001 2 1000

fn=(120)
0x2ea0 173 100000 0 200000 1 0 0 1
+4 * 100000
+4 * 100000 0 100000
+4 * 100000 0 100000
+4 * 100000 0 100000
+4 * 100000 0 100000
+4 +2 100000 100000
+4 * 100000
+4 * 100000 0 0 1 0 0 1
+4 * 100000
cfi=(26)
cfn=(122)
calls=100000 0x142c * 
* * 600000 100000 200000 3 0 0 1
+4 * 100000
+4 * 100000 100000
+4 * 100000
cfi=(25)
cfn=(116)
calls=100000 0x25f0 -98 
* * 500000 100000 100000
+4 * 100000 100000
+4 * 100000 0 100000 0 0 7 0 0 6
+4 * 100000
+4 * 100000 100000
+4 * 100000 200000
+4 * 100000

fl=(12)
fn=(70) std::enable_if<std::__is_bitwise_relocatable<int, void>::value, int*>::type std::__relocate_a_1<int, int>(int*, int*, int*, std::allocator<int>&)
0x32e0 1100 1000 0 2000
+4 * 1000
+4 * 1000 0 1000
+4 * 1000 0 1000
+4 * 1000 0 1000
+4 * 1000 0 1000
+4 +4 1000 1000
+4 * 1000 1000
+4 * 1000 0 0 1 0 0 1
+4 * 1000
+4 * 1000 0 1000
+4 +1 1000 1000
+4 * 1000
+4 * 1000
+28 +14 1000 1000
+4 * 1000
+4 * 1000 1000
+4 * 1000
+4 +1 1000 2000 0 1 0 0 1
+4 * 1000

fn=(66)
0x2df4 1127 1000 0 2000
+4 * 1000
+4 * 1000 0 2000
+4 * 1000 0 1000 1 0 0 1
+4 * 1000 0 1000
+4 * 1000 0 1000
+4 * 1000 0 1000
+4 +6 1000 1000
+4 * 1000
cfi=(7)
cfn=(68)
calls=1000 0x32cc 313 
* * 5000 1000 1000
+4 * 1000
+4 * 1000 1000
+4 * 1000
cfi=(7)
cfn=(68)
calls=1000 0x32cc 313 
* * 5000 1000 1000
+4 * 1000
+4 * 1000 1000
+4 * 1000
cfi=(7)
cfn=(68)
calls=1000 0x32cc 313 
* * 5000 1000 1000
+4 * 1000 1000
+4 * 1000
+4 * 1000
+4 * 1000
+4 * 1000 0 0 1 0 0 1
cfn=(70)
calls=1000 0x32e0 -33 
* * 20000 7000 7000 2 0 0 2
+4 +3 1000 2000
+4 * 1000 2000
+4 * 1000

ob=(5)
fl=(14) ./elf/./elf/dl-runtime.c
fn=(82) _dl_fixup
0xe460 46 3 0 6 1 0 0 1
+4 * 3
+4 * 3
+4 +2 3 3 0 0 1 0 0 1
+4 -2 3 0 6
+4 * 3
fi=(18) ./elf/../sysdeps/generic/ldsodefs.h
+4 +35 3 3 0 0 1 0 0 1
fe=(14)
+4 -35 3 0 6
+4 +2 3 3 0 1 1 0 1 1
+4 * 3 3 0 0 2 0 0 1
+4 * 3
+12 +6 3 3 0 0 2 0 0 2
+4 +1 3
+4 -6 3 3
+4 +6 3 3 0 0 2 0 0 2
+4 -6 3 3
+4 +6 3
+4 * 3
+4 -6 3
+4 +9 3 3 0 0 3 0 0 3
+4 -2 3 3 0 0 2 0 0 2
+4 * 3 0 6
+4 +2 3 0 0 1 0 0 1
+4 -2 3
+4 * 3
+4 * 3
+4 * 3
+4 * 3 0 3
+4 +7 3
+4 * 3
+4 +4 3 3 0 0 3 0 0 3
+4 * 3
+4 * 3
+4 +4 3 3 0 0 2 0 0 2
+4 * 3
+4 +4 3 3 0 0 2 0 0 2
+4 * 3
+4 +1 3 3 0 0 1 0 0 1
+4 * 3 0 0 1 0 0 1
+4 -1 3 3 0 0 2 0 0 2
+4 +1 3
+4 * 3
+4 +1 3 3 0 0 3 0 0 3
+4 -8 3
+4 * 3
+4 +16 3
+4 -1 3
+4 +1 3
+4 * 3 3 0 0 1 0 0 1
+4 * 3
+4 +10 3 3 0 0 2 0 0 2
+4 * 3
+4 * 3 3
+4 * 3
+4 * 3 0 0 1 0 0 1
+4 * 3
+4 * 3
+4 * 3
cfi=(15) ./elf/./elf/dl-lookup.c
cfn=(84) _dl_lookup_symbol_x
calls=4 0x8c00 756 
* * 1737 572 221 35 68 12 34 65 12
fi=(13)
0x1078c +8 3
+4 +3 3 6
+4 +1 3 6
+4 +1 3 6
+4 +1 3 6
+4 +1 3 6
+4 +1 3 6
+4 +1 3 6
+4 +1 3 6
+4 +1 3 6
+4 +3 3 6
+4 +4 3
fe=(14)

fn=(83) _dl_fixup'2
0xe5d8 159 3
+4 * 3 3 0 0 1 0 0 1
+4 * 3
fi=(20) ./elf/../sysdeps/aarch64/dl-machine.h
+4 -14 3 0 3
fe=(14)
+4 +18 3 6
+4 * 3 6
+4 * 3 6
+4 * 3 6
+4 * 3

fl=(13)
fn=(80)
0x10744 38 2 0 0 1 0 0 1
+4 +12 2 0 4
+4 +5 2 0 4
+4 +4 2 0 4
+4 +4 2 0 4
+4 +4 2 0 4
+4 +4 2 0 4
+4 +4 2 0 4
+4 +4 2 0 4
+4 +4 2 0 4
+4 +5 2 2
+4 +3 2 2
+4 +2 2
+4 +1 2
+4 +1 2
+4 +1 2 0 0 1 0 0 1
+4 +1 2
+4 +3 2
cob=(2)
cfi=(9)
cfn=(172)
calls=1 0xa0ca0 0 
* * 829 285 131 18 33 0 18 27
cob=(3)
cfi=(21)
cfn=(100)
calls=1 0x3f1f0 -74 
* * 92 24 14 12 7 0 12 7
cfi=(14)
cfn=(82)
calls=3 0xe460 -54 
* * 1261 448 160 37 73 12 36 72 12

fn=(81)
0x10744 38 1
+4 +12 1 0 2
+4 +5 1 0 2
+4 +4 1 0 2
+4 +4 1 0 2
+4 +4 1 0 2
+4 +4 1 0 2
+4 +4 1 0 2
+4 +4 1 0 2
+4 +4 1 0 2
+4 +5 1 1
+4 +3 1 1
+4 +2 1
+4 +1 1
+4 +1 1
+4 +1 1
+4 +1 1
+4 +3 1
cob=(3)
cfi=(10)
cfn=(178)
calls=1 0x929c4 3350 
* * 115 40 23 12 6 0 12 3
cfi=(14)
cfn=(82)
calls=1 0xe460 -54 
* * 686 241 88 3 25 0 3 22

fl=(15)
fn=(84)
0x8c00 756 3 0 0 1 0 0 1
+4 * 3 0 6 0 0 1 0 0 1
+4 * 3
+4 * 3 0 6 0 0 1 0 0 1
+4 * 3
+4 * 3
+4 * 3 0 6
+4 * 3
+4 * 3
+4 * 3 0 6
+4 * 3
+4 * 3
+4 * 3 0 6
+4 * 3
+4 +6 3
+4 * 3
+4 -6 3 0 6 1 0 1 1 0 1
+4 +6 3 0 6
fi=(16) ./elf/../sysdeps/generic/dl-new-hash.h
+4 74 3 3 0 0 3 0 0 3
+4 +3 3
+4 -8 3
+4 +1 3
+4 +31 3
+4 * 3
+4 -21 3 3
+4 * 3
+4 +1 3
-8 -1 4 4
+4 * 4
+4 +1 4
+4 +21 7
+4 -28 7 7
+4 * 7
+4 +30 7
+4 -27 7
fe=(15)
+4 762 3 3 0 2 0 0 1
+4 -4 3
+4 * 3 0 3 0 0 1 0 0 1
+4 +1 3 0 6
+4 +3 3 3 0 0 1 0 0 1
+4 * 3
+4 * 3 0 3
+4 +4 3
+4 * 3
+4 +5 3 3
+4 * 3 3 0 0 1 0 0 1
+4 -2 3
+4 +6 3
+4 -7 3 0 3
+4 * 3 6
+4 * 3
+4 * 3 0 0 1 0 0 1
+4 * 3 0 3
+4 * 3
cfn=(85) _dl_lookup_symbol_x'2
calls=4 +16 +8 
* * 1453 486 155 27 59 8 27 57 8
fi=(14)
0xe550 95 3
+4 +4 3 3
+4 * 3
+4 +10 3 3
+4 * 3
+4 * 3 3
+4 * 3
+4 * 3
+4 * 3
+4 * 3
+4 * 3
+4 * 3 3 0 0 3 0 0 2
+4 * 3 3 0 1 0 0 1
+4 * 3
+4 * 3 0 3
fi=(32) ./elf/../sysdeps/aarch64/dl-irel.h
+4 -71 3
fi=(14)
+4 +86 3 3
+4 * 3
+4 * 3
+4 * 3
+4 +9 3 3
+4 * 3
+88 +29 3 3 0 1 0 0 1
+4 * 3 0 0 1 0 0 1
cfn=(83)
calls=4 -40 -3 
* * 27 27 3 0 1 0 0 1
fe=(15)

fn=(85)
0x8cd8 776 3 3
+4 * 3 0 3
+4 * 3 3
+4 * 3 0 3
+4 * 3 0 3
+4 * 3
+4 * 3 0 3
+4 * 3
+4 * 3
+4 * 3
+4 * 3 0 0 1 0 0 1
cfn=(88) do_lookup_x
calls=4 0x81e0 348 
* * 1420 480 143 26 59 8 26 57 8

fn=(88)
0x81e0 348 3 0 0 1 0 0 1
+4 * 3 0 6 0 0 2 0 0 2
+4 * 3
+4 * 3 3
+4 * 3 0 6 0 0 1 0 0 1
+4 * 3
+4 * 3 3
+4 * 3 3
+4 * 3 0 6 1 0 0 1
+4 +1 3 3
+4 -1 3 0 6
+4 * 3 0 6
+4 * 3 0 6 0 0 1 0 0 1
+4 * 3 0 3
+4 * 3 0 3
+4 * 3 0 6
+4 * 3
+4 * 3 0 3 0 0 1 0 0 1
+4 +7 3 3
+4 +41 3
+4 -30 3
+4 +33 3
+4 -25 3
+4 * 3
+4 * 3 0 0 1 0 0 1
+4 * 3
+4 * 3 0 3
+4 * 3
cfn=(89) do_lookup_x'2
calls=4 0x82c0 -15 
* * 1240 405 86 21 57 3 21 55 3
0x8d04 776 3
+4 +5 3 3
+4 +23 3 3
+4 * 3
+4 -23 3
+4 +24 3
+4 * 3 3
+4 * 3
+4 * 3
+4 * 3
+4 +7 3 3
+4 -7 3
+4 +35 3 3
+4 * 3
+4 * 3
+4 * 3 0 0 1 0 0 1
+4 +34 3 3
+4 * 3
+4 -20 3 3 0 0 2 0 0 2
+4 * 3
+4 +3 3 3
+4 * 3
+4 +19 3 6
+4 * 3
+4 * 3 6
+4 * 3 6
+4 * 3 6
+4 * 3 6
+4 -76 3 0 3
+4 +76 3 6
+4 * 3
+4 * 3 0 0 1 0 0 1

fn=(89)
0x8250 380 13 13 0 0 4 0 0 4
+4 * 13
+4 +8 13 13 0 0 4 0 0 4
+4 -4 13 0 13
fi=(18)
+4 81 13 13
fe=(15)
+4 388 13
+4 -3 13 0 13
+4 +3 13 13 0 0 5 0 0 4
+4 * 13
+12 +1 13 13
+4 +3 13 13 0 1 0 0 1
+4 -3 13 13
+4 * 13
+4 +4 13
+4 +4 13 13
+4 +3 13 13
+4 -3 13
+4 +3 13
+4 -5 13 13 0 0 8 0 0 8
+4 +8 13
+4 * 13
+4 * 13
+4 * 13
+4 +99 10
+4 * 10
+4 * 10
+4 359 13 13 0 1 1 0 1 1
+4 * 13 13 0 0 4 0 0 4
+4 +3 13
+4 * 13
+4 +4 13
+16 +4 13 13 0 0 5 0 0 4
+4 * 13
+4 +4 13 13 0 0 1 0 0 1
+4 * 13
0x8490 +33 4 0 0 1 0 0 1
+4 -1 4 4
+4 * 4
+4 * 4 4 0 0 4 0 0 4
+4 +2 4
+4 +2 4 4
+4 +6 4
+4 * 4
+4 -6 4 0 8
+4 * 4
+4 * 4 0 4
+4 * 4
+4 * 4 0 0 1 0 0 1
+4 * 4
+4 * 4 0 4
+4 * 4 0 4
+4 * 4 0 4
+4 * 4
cfn=(89)
calls=5 +12 +3 
* * 1003 299 58 17 30 3 17 28 3
+4 +13 7
+4 * 7
+4 -10 10 10 0 0 5 0 0 5
+4 * 10
+4 * 10
+4 * 10
+4 +2 3 3
+4 +1 3 0 6 0 0 1 0 0 1
+4 * 3 3
+4 * 3 6
+4 -1 3 0 0 1 0 0 1
+4 +1 3 3
+4 * 3
+4 +1 3
+4 -1 3 0 3
+4 * 3
+4 * 3
+4 +1 3
+4 -1 3
+4 * 3
cfn=(90) check_match
calls=4 0x8060 71 
* * 505 113 21 10 16 2 10 16 2
+4 +4 3
0x8724 +34 1 1 0 1 0 0 1
+4 * 1
+4 * 1
0x89b8 308 1 2 0 1 0 0 1
+4 * 1
+4 * 1 1 0 1 0 0 1
+4 * 1 1
+4 * 1 1
+4 * 1 1
+4 * 1
cfn=(89)
calls=1 0x8724 454 
* * 284 89 22 1 9 0 1 7
0x8b58 177 3 6 0 1 0 0 1
+4 * 3
+4 * 3 3
+4 * 3
+4 * 3 3
+4 * 3 3
+4 * 3 3
+4 * 3
cfi=(18)
cfn=(94) do_lookup_x
calls=4 0x8420 -36 
* * 84 48 6 2 0 0 2

fn=(90)
0x8060 71 3 0 6 1 0 2 1 0 2
+4 * 3
+4 +3 3 3 0 0 3 0 0 3
+4 -3 3 0 6
+4 * 3
+4 * 3 0 6
+4 * 3
+4 * 3
+4 * 3 0 3 1 0 0 1
+4 * 3
+4 * 3 3
+4 * 3 3 0 0 1 0 0 1
+4 * 3
+4 +3 3 3
+4 * 3
+4 * 3
+4 +13 3
+4 -13 3
+4 +13 3
+4 -13 3
+4 +13 3
+4 * 3
+4 * 3
+4 +3 3
+4 * 3 0 0 1 0 0 1
+4 * 3 3
+4 * 3
+4 * 3
+4 * 3
cfi=(17) ./string/../sysdeps/aarch64/strcmp.S
cfn=(92) strcmp
calls=4 0x1c1c0 -26 
* * 145 20 0 5 3 0 5 3
+4 * 3
+4 +4 3 3
+4 +1 3
+4 +2 3
+4 +19 3 3 0 0 3 0 0 3
+4 +1 3
+4 * 3 3
+4 * 3
+4 * 3 3
+4 * 3
+4 * 3
+4 * 3 3 0 1 2 0 1 2
+4 * 3
+4 * 3
+20 -38 3
+4 +84 3 6
+4 * 3 6
+4 * 3 3
+4 * 3 6
+4 * 3
+80 -45 3 3 0 1 0 0 1
+4 * 3 3
+4 * 3
cfi=(17)
cfn=(92)
calls=4 0x1c1c0 -54 
* * 201 36 0 0 4 0 0 4
+4 * 3

fl=(17)
fn=(92)
0x1c1c0 64 6 0 0 1 0 0 1
+4 +3 6
+4 +1 6
+4 +1 6
+4 +1 6
+4 +1 6
+4 +1 1
+44 +26 2
+4 +1 2
+4 +1 2
+4 +2 2
+4 +5 2
+4 +1 2
+4 +3 2
+4 +1 2
+4 +1 2
+12 +8 1
+4 +1 1 1 0 0 1 0 0 1
+4 +1 1 1
+4 +1 1
+4 +1 1
+4 +1 1
+4 +1 1
+4 +1 1
+4 +1 1
cfn=(93) strcmp'2
calls=1 0x1c1e8 -44 
* * 23 2
+4 +5 5 0 0 1 0 0 1
+4 +2 19 19 0 0 4 0 0 4
+4 +1 19 19 0 0 1 0 0 1
+4 +1 19
+4 +1 19
+4 +1 19
+4 +1 19
+4 +1 19
+4 +3 5
+4 +1 5
+4 +1 5 5
+4 +4 5 0 0 1 0 0 1
+4 +1 5
+4 +1 5
+4 +1 5
+4 +1 5
+4 +1 5
+4 +2 2
+4 * 2
+4 +5 2 2
+4 +1 2 2
+4 +4 2
+4 +1 2
+4 +1 2 2
+4 +1 2
+4 +1 2
+4 +1 2
+4 +2 2
+4 +4 2
+4 +1 2
+4 +1 2
+4 +2 3 3 0 1 1 0 1 1
+4 +1 3
+4 +1 3
+4 +1 3
+4 +5 3
+4 +1 3
+4 +1 3
cfn=(93)
calls=3 0x1c204 -95 
* * 27 0 0 1 0 0 1

fn=(93)
0x1c1e0 77 1 1
+4 +1 1 1
+4 +7 1
+4 +1 1
+4 +2 1
+4 +1 1
+4 +1 1
-16 -5 1
+4 +1 1
+4 +2 1
+4 +1 1
+4 +1 1
+4 +4 1
+4 +1 1
+4 +3 1
+4 +1 1
+4 +1 1
+4 +2 1
+4 +5 1
+4 +1 1
+4 +3 1
+4 +1 1
+4 +1 1
-32 -15 3 0 0 1 0 0 1
+4 +1 3
+4 +1 3
+4 +2 3
+4 +5 3
+4 +1 3
+4 +3 3
+4 +1 3
+4 +1 3

fl=(18)
fn=(94)
0x8420 141 3 3 0 1 0 0 1
+4 * 3
+4 +1 3
fi=(15)
+4 460 3
+4 * 3
fi=(19) ./elf/../sysdeps/generic/dl-protected.h
+4 29 3 3
+4 * 3
+4 * 3
+4 * 3 0 0 1 0 0 1
fi=(15)
+4 467 3 3
+4 * 3
+4 * 3
+4 * 3
+4 * 3
+4 * 3
+4 * 3
+4 * 3
+4 +16 3 3
+4 +1 3 0 6
+4 +1 3
+4 +21 3 6
+4 * 3 6
+4 * 3 6
+4 * 3 6
+4 * 3 6
+4 * 3 6
+4 * 3
+4 * 3
fe=(18)

totals: 26225406 8013761 5341354 4182 165 168 168 121 153
