# callgrind format
version: 1
creator: callgrind-3.26.0
pid: 46384
cmd:  ./bin/sensor_host
part: 1


desc: I1 cache: 32768 B, 64 B, 8-way associative
desc: D1 cache: 32768 B, 64 B, 8-way associative
desc: LL cache: 268435456 B, 64 B, direct-mapped

desc: Timerange: Basic block 0 - 4472981
desc: Trigger: Program termination

positions: instr line
events: Ir Dr Dw I1mr D1mr D1mw ILmr DLmr DLmw
summary: 0


ob=(5) /usr/lib/x86_64-linux-gnu/libstdc++.so.6.0.35
fl=(3) ???
fn=(98) operator delete(void*)
0xc1cf0 0 7010 0 0 1 0 0 1
+4 0 7010
cob=(3) ???
cfi=(2) ???
cfn=(100) 0x0000000004902da0
calls=7010 0x4902da0 0 
* 0 246742 70487 28361 70 74 35 70 68 35

fn=(6) operator new(unsigned long)
0xc3e20 0 9011 0 0 1 0 0 1
+4 0 9011 0 9011
+1 0 9011
+5 0 9011
+3 0 9011 0 9011
+1 0 9011
+4 0 9011
+3 0 9011
+4 0 9011
+3 0 9011
+3 0 9011 0 9011 1 0 0 1
cob=(3)
cfi=(2)
cfn=(8) 0x0000000004902320
calls=9011 0x4902320 0 
* 0 544674 108971 55687 67 51 1498 67 25 1494
+5 0 9011
+3 0 9011
+2 0 9011 9011
+4 0 9011 9011
+1 0 9011 9011

ob=(4) /usr/lib/x86_64-linux-gnu/ld-linux-x86-64.so.2
fl=(18) ./elf/./elf/dl-runtime.c
fn=(108) _dl_fixup
0x145f0 46 1 0 0 1 0 0 1
+4 * 1 0 1
+1 * 1
+3 * 1 0 1
+2 * 1 0 1
+2 * 1 0 1
+2 * 1 0 1
+2 +9 1 0 0 1 0 0 1
+3 -9 1 0 1
+1 * 1
fi=(33) ./elf/../sysdeps/x86_64/dl-runtime.h
+3 -18 1
fe=(18)
+4 +18 1
+4 +2 1 1 0 0 1 0 0 1
+4 * 1 1 0 0 1 0 0 1
+3 * 1 1 0 0 1 0 0 1
+4 * 1
+2 * 1 1 0 0 1 0 0 1
+7 * 1
+4 * 1
+4 * 1
+4 +1 1 1
+4 * 1 1
+4 +5 1 1 0 0 1 0 0 1
+7 +1 1 1 0 1 1 0 1 1
+4 * 1
+4 * 1
+3 +1 1 1 0 0 1 0 0 1
+4 +2 1 1
+4 -2 1
+3 * 1
+4 * 1
+4 * 1
+3 * 1
+4 * 1 0 1 0 0 1 0 0 1
+4 +7 1
+4 * 1
+6 +4 1 1 0 0 1 0 0 1
+4 * 1
+6 +4 1 1 0 1 1 0 1 1
+7 -22 1
+3 +20 1
+3 +2 1
+3 * 1
+2 +4 1
+3 * 1 1 0 0 1 0 0 1
+4 * 1 1 0 0 1 0 0 1
+3 +1 1
+5 * 1
+4 * 1 1 0 0 1 0 0 1
+7 * 1
+4 -7 1
+2 * 1 1 0 0 1 0 0 1
+4 * 1
+2 * 1
+4 +16 1 1
+8 -1 1 0 0 1 0 0 1
+5 +1 1
+2 * 1
+19 +10 1 1
+2 * 1 1 0 0 1 0 0 1
+7 * 1 0 1
+2 * 1
+6 * 1 0 1
+1 * 1
+3 * 1
+3 * 1
+4 * 1 0 1
cfi=(19) ./elf/./elf/dl-lookup.c
cfn=(110) _dl_lookup_symbol_x
calls=1 0xc680 767 
* * 745 207 85 35 44 10 35 44 10
+5 +4 1 1
+2 * 1 1
+2 * 1 1 0 1 0 0 1
+9 -4 1
+3 +4 1
+3 * 1
+6 +10 1 1
+4 * 1
+3 * 1
+6 * 1 1
+5 * 1
+6 * 1
+3 * 1
+6 * 1 1 0 0 1 0 0 1
+3 * 1 1
+4 * 1 0 1
+4 +15 1 1 0 1 0 0 1
+4 * 1
+3 * 1
+3 * 1
+6 +9 1 1
+7 * 1
+3 * 1
+26 +26 1 1 0 0 1 0 0 1
+6 * 1
+2 * 1
fi=(24) ./elf/../sysdeps/x86_64/dl-machine.h
+2 +64 1 0 1 1 0 0 1
fe=(18)
+4 -60 1
+4 * 1 1
+1 * 1 1
+2 * 1 1
+2 * 1 1
+2 * 1 1
+2 * 1 1
+1 * 1 1

fl=(17) ./elf/../sysdeps/x86_64/dl-trampoline.h
fn=(106) _dl_runtime_resolve_xsave
0x171b0 39 1 0 0 1 0 0 1
+4 +5 1 0 1
+1 +3 1
+3 +2 1
+4 +10 1 1 0 1 1 0 1 1
+7 +6 1 0 1 0 0 1 0 0 1
+4 +1 1 0 1
+5 +1 1 0 1
+5 +1 1 0 1
+5 +1 1 0 1
+5 +1 1 0 1
+5 +1 1 0 1
+5 +4 1
+5 +1 1
+2 +3 1 0 1 0 0 1 0 0 1
+8 +1 1 0 1
+8 +2 1 0 1 1 0 0 1
+8 +1 1 0 1
+8 +1 1 0 1
+8 +1 1 0 1
+8 +1 1 0 1
+8 +1 1 0 1
+8 +2 1 0 34 0 0 9 0 0 9
+5 +7 1 1
+4 +1 1 1
+4 +1 1 0 1 0 0 1 0 0 1
cfi=(18)
cfn=(108)
calls=1 0x145f0 -52 
* * 847 243 97 43 60 11 43 60 11
+5 +1 1 0 0 1 0 0 1
+3 +5 1
+5 +1 1
+2 +1 1 36
+5 +2 1 1
+5 +1 1 1
+5 +1 1 1
+5 +1 1 1
+5 +1 1 1
+5 +1 1 1
+5 +1 1 1
+4 +2 1
+3 +2 1 1
+4 +4 1
+4 +2 1

fl=(21) ./string/../sysdeps/x86_64/multiarch/../multiarch/strcmp-sse2.S
fn=(118) strcmp
0x2b520 98 2 0 0 1 0 0 1
+4 +33 2
+2 +1 2
+2 +2 2
+4 +1 2
+4 +21 2
+3 +1 2
+2 +1 2
+3 +1 2
+72 +42 2 0 0 1 0 0 1
+4 +1 2
+4 +1 2
+5 +1 2
+3 +1 2
+3 +1 2
+3 +1 2
+2 +1 2
+2 +1 2
+2 +1 1
+3 +1 1
+1 +1 1
+3 +2 1
+4 +1 1
+3 +1 1
+7 +1 1 1
+4 +1 1
+4 +1 1
-22 -5 1
+4 +1 1
+3 +1 1
+7 +1 1 1 0 0 1 0 0 1
+4 +1 1
+4 +1 1
0x2c7e0 1970 2 0 0 1 0 0 1
+4 +1 2 2 0 0 2 0 0 2
+4 +1 2 2 0 0 1 0 0 1
+4 +1 2
+4 +1 2
+5 +2 2
+4 +1 2
+4 +1 2 0 0 1 0 0 1
+5 +1 2
+2 +1 2
+3 +1 2
+3 +1 2
+6 +2 2 2
+4 +4 2
+4 +1 2
+7 +1 2
+6 +6 2
+4 +1 2
+7 +2 2
+7 * 2
+9 +4 2 0 0 1 0 0 1
+4 +1 2
+6 +3 2 2 0 0 1 0 0 1
+5 +1 2 2 0 0 1 0 0 1
+5 +1 2
+4 +2 2
+5 +1 2
+5 +1 2
+4 +4 2
+4 +1 2
+4 +1 2
+4 +1 2
+4 +1 2
+6 +1 2 0 0 1 0 0 1
0x2c920 +71 2 0 0 1 0 0 1
+5 +2 2
+4 +1 2
+4 +1 2
+3 +1 2
+2 +1 1
+3 * 1
+11 +5 1
+4 +6 1 1
+4 +1 1 1
+4 +8 1
+2 +1 1 1
-14 -16 1 0 0 1 0 0 1
+4 +6 1 1
+4 +1 1 1
+4 +8 1
+2 +1 1 1

fl=(19)
fn=(114) do_lookup_x
0xba90 344 1 0 1 1 0 0 1
+1 * 1
+3 * 1
+3 * 1 0 1 0 0 1 0 0 1
+2 * 1 0 1
+2 * 1 0 1
+2 * 1 0 1
+2 * 1 0 1
+1 * 1
+7 * 1 0 1 0 0 1 0 0 1
+4 * 1 1
+4 * 1 0 1
+4 * 1 1
+4 * 1 0 1
+4 * 1 0 1
+4 +6 1 1 0 1 1 0 1 1
+4 +59 1 0 1
+4 -58 1 1
fi=(23) ./elf/../sysdeps/generic/dl-protected.h
+3 29 1 1
fe=(19)
+5 409 1
fi=(23)
+3 29 1 0 1
fe=(19)
+4 409 1
+4 * 1 0 1
+4 * 1
+3 * 1 1
+4 * 1
+3 * 1 1
+4 * 1
+12 -26 5 5 0 0 4 0 0 4
+7 * 5 0 0 1 0 0 1
+25 +4 5 5 0 0 1 0 0 1
+7 * 5
+6 +6 5 5 0 0 2 0 0 2
+6 * 5
+2 * 5
+2 +8 5 5 0 0 4 0 0 4
+4 -4 5 0 5
+7 +1 5 0 5 1 0 0 1
+8 +3 5 5 0 0 4 0 0 4
+4 * 5
+2 * 5 5
+7 * 5
+8 +1 5 5 0 0 1 0 0 1
+4 * 5 5
+4 +3 5 5
+7 -3 5 0 5
+4 +4 5
+3 * 5
+6 +7 5 5
+6 -3 5 5
+3 * 5 5
+6 -2 5 5 0 0 5 0 0 5
+4 +5 5
+3 * 5
+2 * 5
+2 +3 5
+3 * 5
+3 * 5
+3 * 5
+3 * 5
+3 * 5
+3 * 5
+6 +99 4 0 4
+5 * 4 4
+4 * 4
+2 355 5 5 0 1 0 0 1
+4 * 5 5 0 0 1 0 0 1
+5 * 5 5 0 0 4 0 0 4
+4 +3 5
+3 * 5 0 0 1 0 0 1
+2 +4 5
+4 * 5
fi=(22) ./elf/../sysdeps/generic/ldsodefs.h
0xbd70 151 1 1 0 1 0 0 1
+4 * 1
+2 +1 1
+3 * 1
+3 * 1
fe=(19)
+3 473 1 0 0 1 0 0 1
+3 * 1
fi=(23)
+6 29 1
+3 * 1
fe=(19)
+12 480 1 1
+4 * 1
+3 * 1
+2 * 1
+6 * 1
+2 * 1
+6 * 1
+2 * 1
+6 +16 1 1
+4 * 1 0 1
+3 +1 1 0 1
+4 +1 1
+5 +21 1
+4 * 1 1
+1 * 1 1
+2 * 1 1
+2 * 1 1
+2 * 1 1
+2 * 1 1
+1 * 1 1
+4 -99 2 0 0 1 0 0 1
+3 * 2
+2 * 2
+2 -1 2 2
+7 * 2 2 0 0 2 0 0 2
+3 +2 2
+2 * 2
+6 +2 2 2
+7 +6 2 0 2 0 0 1 0 0 1
+7 * 2 0 2 1 0 0 1
+4 * 2
+3 -6 2
+4 +6 2
+4 * 2 0 2
+4 * 2
+3 * 2 0 2
+4 * 2 0 2
+7 * 2 0 2
+7 * 2 0 2
+4 * 2
+21 +7 7
+4 * 7
+4 * 7
+6 -10 8 8 0 1 2 0 1 2
+3 * 8
+3 * 8
+3 * 8
+2 * 8
+2 +2 1
+3 +1 1
+4 * 1
+4 * 1 1 1
+3 -1 1
+3 +1 1 1
+4 * 1 0 1 0 0 1 0 0 1
+1 -1 1
+4 +1 1 0 1
+1 * 1 1
+4 * 1 1 1
+3 +1 1
+2 -1 1 0 1
+1 +1 1 0 0 1 0 0 1
+4 -1 1 1
+7 * 1 1
+4 * 1 1
+3 * 1
+4 * 1 1
+4 * 1 0 1
cfn=(116) check_match
calls=1 0xb900 70 
* * 208 40 8 12 10 1 12 10 1
+5 +4 1
+4 * 1
+3 * 1
+2 * 1
+3 * 1 1
+4 * 1 1
+4 * 1
+3 * 1 1
+7 * 1 1 0 1 0 0 1
+7 * 1 1
+4 * 1
0xc289 +34 1 1 0 1 0 0 1
+4 * 1
0xc4e0 -22 1 0 0 1 0 0 1
+3 * 1 1
+7 * 1 1
+7 * 1 1
+4 * 1 1
+4 * 1 1
+4 * 1 0 0 1 0 0 1

fn=(116)
0xb900 70 1 0 0 1 0 0 1
+3 * 1 1 0 0 1 0 0 1
+5 +3 1 1
+5 * 1
+3 * 1 1
+5 * 1
+6 * 1
+3 * 1
+3 * 1
+3 * 1
+3 +13 1
+5 * 1
+2 * 1
+3 * 1
+3 * 1
+6 -16 1 0 1
+1 * 1
+3 * 1 0 1
+2 * 1 0 0 1 0 0 1
+3 * 1 0 1
+2 * 1
+3 * 1 0 1 0 0 1 0 0 1
+1 * 1
+3 * 1
+4 +19 1
+3 * 1
+2 * 1 1
+3 * 1 1
+4 * 1
+3 * 1
+3 * 1 0 1
cfi=(21)
cfn=(118)
calls=1 0x2b520 +9 
* * 68 9 0 8 3 0 8 3
+5 * 1
+2 * 1
+6 +4 1 1
+4 * 1 1 0 0 1 0 0 1
+7 +1 1
+3 * 1
+2 +4 1 0 0 1 0 0 1
+3 * 1
+6 +4 1 1
+3 * 1 1 0 0 1 0 0 1
+5 +1 1
+3 * 1
+5 * 1
+4 * 1 1
+4 * 1 1
+7 * 1
+4 * 1 1
+5 * 1 1 0 0 1 0 0 1
+3 * 1
+6 +1 1 1
+3 * 1 1
+4 * 1 0 1 1 0 0 1
+4 * 1 0 1
+4 * 1 0 1
cfi=(21)
cfn=(118)
calls=1 0x2b520 -6 
* * 73 9 0 0 3 0 0 3
+5 * 1 1
+4 * 1 1
+4 +54 1
+3 -54 1
+2 * 1
+2 +55 1
+4 * 1
+3 * 1 1
+1 * 1 1
+2 * 1 1
+2 * 1 1
+1 * 1 1

fn=(110)
0xc680 767 1 0 0 1 0 0 1
+4 * 1 0 1
+1 * 1
+3 * 1 0 1 0 0 1 0 0 1
+2 * 1 0 1
+2 * 1 0 1
+2 * 1
+3 * 1 0 1
+2 * 1
+3 * 1 0 1
+1 * 1
+3 * 1
fi=(20) ./elf/../sysdeps/generic/dl-new-hash.h
+7 74 1 1 0 0 1 0 0 1
fe=(19)
+3 767 1 0 1 0 0 1 0 0 1
+4 * 1 0 1 0 0 1 0 0 1
+7 * 1 0 1
fi=(20)
+7 77 1
+2 * 1
+6 -8 1 0 0 1 0 0 1
+3 +1 1
+6 * 1
+9 +10 1 1
+4 +1 1
+2 * 1
-6 -1 1 1
+4 +1 1
+2 * 1
+6 +20 2
+7 -2 2
+2 +6 2
+4 -3 2
+3 * 2
+2 +2 2
+3 -30 2 2
+3 +3 2
+2 * 2
fe=(19)
+2 769 1
+5 +1 1 0 0 1 0 0 1
+4 +3 1 0 1 0 0 1 0 0 1
+8 -4 1 0 1
+4 +1 1 0 1
+4 +7 1
+3 * 1
+2 * 1 1
+4 * 1
+6 +5 1 1
+7 * 1 1 0 0 1 0 0 1
+3 -2 1 1
+5 * 1
+6 +6 1
+2 * 1
+3 * 1
+6 -15 1 1 0 1 0 0 1
+7 * 1
+4 * 1
+3 +15 1
+3 * 1 0 1
+7 * 1
+4 * 1
+3 * 1 0 1
+4 * 1
+3 * 1 0 1
+7 * 1
+18 +1 1 1 0 1 0 0 1
+6 * 1 1
+3 * 1 1 1 0 0 1 0 0 1
+3 * 1 1
+7 * 1 0 1
+1 * 1 1
+3 * 1
+3 * 1 1 1
+3 * 1 1
+4 * 1 0 1
+1 * 1
+3 * 1 0 1
+2 * 1 0 1
+1 * 1 0 1
cfn=(114)
calls=1 0xba90 344 
* * 623 174 62 28 41 5 28 41 5
+5 * 1
+4 * 1
+2 * 1
+2 +5 1 1
+7 * 1
+3 * 1 1 0 1 0 0 1
+5 * 1
+6 +23 1 1
+3 +1 1
+3 * 1
+2 * 1 1
+4 * 1
+2 * 1
+2 * 1
+2 +7 1 1
+4 -7 1
+3 +35 1 1
+8 * 1
+3 * 1
+2 * 1
+6 +14 1 1 0 0 1 0 0 1
+7 * 1
+2 * 1 0 0 1 0 0 1
+6 +3 1 1
+7 * 1
+6 +17 1 1
+4 * 1 0 1
+4 +2 1
+4 * 1
+3 * 1 1
+1 * 1 1
+2 * 1 1
+2 * 1 1
+2 * 1 1
+2 * 1 1
+1 * 1 1

ob=(3)
fl=(2)
fn=(4) 0x00000000040011d0
0x40011d0 0 9011 0 0 1 0 0 1
+4 0 9011 9011 0 0 1 0 0 1
cob=(5)
cfi=(3)
cfn=(6)
calls=9011 0xc3e20 0 
* 0 688850 136004 82720 69 51 1498 69 25 1494

fn=(100)
0x4902da0 0 7010 0 0 1 0 0 1
+4 0 7010 7010 0 0 1 0 0 1
cob=(2) /usr/lib/x86_64-linux-gnu/libc.so.6
cfi=(4) ./malloc/./malloc/malloc.c
cfn=(126) free
calls=7010 0xb5360 3319 
* 0 231829 63185 28211 20 11 12 20 5 12
cob=(4)
cfi=(17)
cfn=(106)
calls=1 0x171b0 39 
* 0 888 290 148 47 61 23 47 61 23
* 0 5 2 2 2 1 0 2 1

fn=(8)
0x4902320 0 9011 0 0 1 0 0 1
+4 0 9011 9011 0 0 1 0 0 1
cob=(2)
cfi=(4)
cfn=(10) malloc
calls=9011 0xb4e10 3283 
* 0 526652 99960 55687 66 50 1498 66 24 1494

fn=(28) 0x0000000004001130
0x4001130 0 100000 0 0 1 0 0 1
+4 0 100000 100000 0 0 1 0 0 1
cob=(2)
cfi=(7) ./stdlib/./stdlib/rand.c
cfn=(30) rand
calls=100000 0x4b570 26 
* 0 5296775 1700000 900000 7 5 0 7 5

fn=(96) 0x00000000040011a0
0x40011a0 0 7010
+4 0 7010 7010
cob=(5)
cfi=(3)
cfn=(98)
calls=7010 0xc1cf0 0 
* 0 260762 70487 28361 71 74 35 71 68 35

fn=(88) 0x0000000004001180
0x4001180 0 7010 0 0 1 0 0 1
+4 0 7010 7010
cob=(2)
cfi=(16) ./string/../sysdeps/x86_64/multiarch/memmove-vec-unaligned-erms.S
cfn=(90) __memcpy_avx_unaligned_erms
calls=7010 0x197a00 255 
* 0 115934 31284 22264 10 94 3335 10 1 3335

ob=(2)
fl=(32) ./misc/../sysdeps/unix/sysv/linux/brk.c
fn=(206) brk
0x12ae10 36 4 0 0 1 0 0 1
fi=(34) ./misc/../sysdeps/unix/sysv/linux/brk_call.h
+4 -12 4
+5 * 4
fe=(32)
+2 +13 4 4
+7 * 4 0 4
+3 +1 4
+3 * 4
+2 +6 4
+2 +1 4 4

fl=(31) ./misc/./misc/sbrk.c
fn=(204) sbrk
0x1343d0 37 4 0 0 1 0 0 1
+4 * 4 0 4
+1 * 4
+3 * 4
+3 * 4
+4 +6 4 4 0 0 4 0 0 1
+7 * 4
+42 -3 4 4 0 1 4 0 1 1
+7 * 4 4 0 0 4 0 0 1
+3 +18 4
+3 * 4
+2 +4 4
+3 * 4
+2 +4 4
+2 +1 4
+4 -1 4
+3 * 4
+2 * 4 0 4
+4 +8 4 0 4
cfi=(32)
cfn=(206)
calls=4 0x12ae10 -38 
* * 36 8 4 1 0 0 1
+5 * 4 4
+4 * 4
+2 * 4
+2 +4 4 4 0 1 0 0 1
+1 * 4
+3 * 4 4

fl=(9) ./stdlib/./stdlib/random_r.c
fn=(34) random_r
0x4bc50 371 100000 0 0 1 0 0 1
+4 +3 100000
+3 * 100000
+2 * 100000
+3 * 100000
+2 +5 100000 100000 0 0 1 0 0 1
+3 -2 100000 100000
+4 +2 100000
+2 * 100000
+33 +9 100000 100000 0 1 0 0 1
+3 +1 100000 100000
+4 +1 100000 100000 0 0 1 0 0 1
+4 +5 100000 100000 0 0 3 0 0 3
+2 * 100000 100000
+2 +4 100000
+4 +4 100000
fi=(35) ./stdlib/../string/bits/string_fortified.h
+4 29 100000 0 100000
fe=(9)
+3 398 100000
+2 * 100000 0 100000
+2 +2 100000
+3 * 100000
+2 +8 96775
+3 * 96775
+2 -9 96775
+3 +12 96775 0 96775
+3 +3 96775
+2 -2 96775 0 96775
+4 +7 96775 96775
-9 -8 3225 0 3225
+3 +3 3225
+2 -2 3225 0 3225
+4 +7 3225 3225
+4 -10 3225 0 0 1 0 0 1
+3 * 3225

fl=(16)
fn=(90)
0x197a00 255 7010 0 0 1 0 0 1
+4 +1 7010
+3 +6 7010
+4 +1 7010
+2 +2 4008 4008 0 0 3
+4 +1 4008
+4 +1 4008
+6 +3 2002 2002
+6 +1 2002 0 2002 0 0 1 0 0 1
+4 +1 2002 0 2002
+6 +3 2002
+3 * 2002 2002
+2 +30 3002
+3 +1 3002
+2 +2 2001
+3 +1 2001
+2 +2 1000
+3 +4 1000
+24 +16 1000 1000 0 1 0 0 1
+4 +1 1000 1000
+2 +1 1000 0 1000
+4 +1 1000 0 1000
+2 +1 1000 1000
+1 +7 1001 1001
+4 +1 1001 1001
+6 +1 1001 0 1001
+4 +1 1001 0 1001
+6 +2 1001 1001
+10 +17 1001 1001 0 1 0 0 1
+5 +1 1001 1001
+3 +1 1001 0 1001
+3 +1 1001 0 1001
+5 +1 1001 1001
+1 +7 1001 1001
+6 +1 1001 1001
+6 +1 1001 0 1001
+4 +1 1001 0 1001 0 0 2 0 0 2
+5 +1 1001 0 1001
+6 +1 1001 0 1001
+6 +1 1001
+3 * 1001 1001
+11 +5 2006 2006 0 1 0 0 1
+7 +1 2006
+6 +5 2006
+7 +1 2006
+2 +2 2002 2002
+5 +1 2002
+7 +1 2002
+2 +2 1001 1001
+5 +1 1001 1001
+5 +1 1001 1001
+6 +1 1001 1001
+6 +1 1001 1001
+6 +1 1001 1001 0 1 0 0 1
+6 +1 1001 0 1001 0 0 493 0 0 493
+4 +1 1001 0 1001 0 0 497 0 0 497
+5 +1 1001 0 1001 0 0 493 0 0 493
+5 +1 1001 0 1001 0 0 497 0 0 497
+5 +1 1001 0 1001 0 0 494 0 0 494
+6 +1 1001 0 1001 0 0 496 0 0 496
+6 +1 1001 0 1001 0 0 246 0 0 246
+6 +1 1001 0 1001
+6 +1 1001
+3 * 1001 1001
+1 +4 4
+3 +1 4
+3 +4 4
+3 +2 4 0 0 1 0 0 1
+6 +4 4 4 0 0 4 0 0 1
+7 +1 4
+6 +11 4
+4 +3 4
+3 +2 4
+4 +2 4
+6 +4 4
+3 +1 4
+6 +9 3 3
+6 +1 3 3
+6 +2 3
+3 +2 3
+4 +1 3 3 0 1 0 0 1
+6 +1 3 3
+6 +3 3
+3 +2 3
+3 +2 3
+3 +2 3
+5 * 3
+8 +6 3 3 0 0 1
+4 +1 3 3
+5 +1 3 3 0 0 1
+5 +1 3 3
+5 +1 3
+4 +1 3 0 3 0 0 3 0 0 3
+4 +1 3 0 3
+5 +1 3 0 3 1 0 3 1 0 3
+5 +1 3 0 3
+5 +1 3
+4 +1 3
+3 +1 3
-49 -11 38 38 0 0 31
+4 +1 38 38
+5 +1 38 38 0 0 31
+5 +1 38 38
+5 +1 38
+4 +1 38 0 38 0 0 38 0 0 38
+4 +1 38 0 38
+5 +1 38 0 38 0 0 38 0 0 38
+5 +1 38 0 38
+5 +1 38
+4 +1 38
+3 +1 38
+2 +2 3 0 3
+5 +1 3 0 3 0 0 3 0 0 3
+5 +1 3 0 3
+5 +1 3 0 3
+4 +2 3 0 3
+4 +4 3
+3 * 3 3
+8 +13 1 1 0 0 1
+5 +1 1 1
+5 +2 1 0 0 1 0 0 1
+8 +1 1 1 0 0 1
+5 +1 1 1
+6 +2 1
+3 +2 1
+4 +2 1
+3 * 1
+4 +6 1 1
+5 +1 1 1
+5 +1 1 1
+5 +1 1 1
+4 +1 1
+4 +1 1 0 1
+5 +1 1 0 1 1 0 1 1 0 1
+5 +1 1 0 1
+5 +1 1 0 1 0 0 1 0 0 1
+4 +1 1
+4 +1 1
+3 +1 1
-49 -11 14 14 0 0 11
+5 +1 14 14
+5 +1 14 14 0 0 10
+5 +1 14 14
+4 +1 14
+4 +1 14 0 14
+5 +1 14 0 14 0 0 14 0 0 14
+5 +1 14 0 14
+5 +1 14 0 14 0 0 14 0 0 14
+4 +1 14
+4 +1 14
+3 +1 14
+2 +2 1 0 1 0 0 1 0 0 1
+4 +1 1 0 1
+5 +1 1 0 1
+5 +1 1 0 1
+5 +2 1 0 1
+6 +1 1
+3 * 1 1

fl=(7)
fn=(30)
0x4b570 26 100000 0 0 1 0 0 1
+4 * 100000 0 100000
+1 * 100000
+3 +1 100000 0 100000
cfi=(8) ./stdlib/./stdlib/random.c
cfn=(32) random
calls=100000 0x4b780 289 
* * 4696775 1500000 700000 6 5 0 6 5
+5 +1 100000 100000
+1 * 100000 100000

fl=(4)
fn=(128) tcache_free_init
0xb55d0 3312 1 0 1 1 0 0 1
+1 2941 1 1
+7 3312 1
+3 * 1 0 1
+2 2941 1
+7 3312 1 0 1
+1 * 1
+3 2941 1 0 1
+4 3210 1 1 0 0 1 0 0 1
+8 * 1
+6 +8 1
+5 * 1 0 1 1 0 0 1
cfn=(12) __libc_malloc2
calls=1 0xb3ca0 +29 
* * 138 24 17 0 1 1 0 1 1
+5 * 1
+3 * 1 1
+7 * 1 0 1
+4 +2 1
+3 * 1
fi=(25) ./malloc/../string/bits/string_fortified.h
+6 59 1
+4 * 1
+3 * 1
+2 * 1 0 1 0 0 1 0 0 1
+7 * 1 0 1
+11 * 1
+4 * 1
+3 * 1 0 0 1 0 0 1
+6 * 1
+3 * 1 0 1
* * 94 0 93 0 0 10 0 0 10
fe=(4)
+3 3228 1 1
+8 * 1
+4 +1 1 1
+9 * 1
+5 * 1 0 1
+3 * 1 0 1
+4 * 1 0 1
+4 * 1 0 1
+4 * 1 0 1
+4 * 1 0 1
+4 * 1 0 1
+4 * 1 0 1 1 0 0 1
+4 * 1 0 1
+7 * 1
+5 * 1 0 1
+8 +85 1
+3 +1 1 1
+1 * 1 1
+2 * 1 1
+1 -1 1
cfn=(127) free'2
calls=1 0xb5360 +5 
* * 33 9 4

fn=(216) _int_free_maybe_trim
0xb1ca0 4528 2 0 2 1 0 0 1
+1 * 2
+3 * 2 0 2
+2 * 2 0 2
+2 * 2 0 2
+2 * 2 0 2
+2 * 2 0 2
+1 * 2
+4 * 2 2
+9 * 2 0 2
+4 * 2
+2 +3 2 0 0 1 0 0 1
+7 * 2
0xb1e50 +19 2 2 0 1 0 0 1
+4 * 2 2
+9 * 2
+6 * 2
+4 * 2 2
+1 * 2 2
+2 * 2 2
+2 * 2 2
+2 * 2 2
+2 * 2 2
+1 * 2 2

fn=(214) _int_free_merge_chunk
0xb20e0 4407 2 0 2 1 0 0 1
+1 * 2
+3 * 2 0 2
+2 * 2 0 2
+2 * 2 0 2
+2 * 2 0 2
+2 * 2 0 2
+1 * 2
+4 +7 2 2
+4 * 2
+3 * 2
+6 * 2 0 0 1 0 0 1
+3 * 2
+3 -6 2
+4 +9 2
+3 * 2 2
+4 * 2
+6 +5 2 2
+4 * 2
+2 * 2
+6 +4 2
+4 * 2
+6 -1 2
+4 * 2
+3 +1 2 2
+7 * 2
+6 1895 2 2 0 1 0 0 1
+6 * 2
+2 * 2
+6 4433 2 2
+4 * 2
+36 +25 2 2
+4 * 2
+6 +6 2 2 0 1 2 0 1
+6 * 2
+6 +4 2 0 2
+5 +4 2
+7 * 2
+2 +9 2 2
+4 -1 2
+4 +2 2 2
+4 * 2
+6 +2 2
+4 * 2 0 2
+4 * 2
+62 +18 2 0 2 1 0 0 1
+4 -1 2 0 2
+4 +2 2 0 2
+4 +1 2 0 2 1 0 0 1
+4 +2 2
+3 * 2
+4 * 2 0 2
+4 +1 2 0 2
+4 -61 2
+4 -1 2
+3 * 2
+3 +1 2 2
+1 * 2 2
+2 * 2 2
+2 * 2 2
+2 * 2 2
+2 * 2 2
+1 -1 2
cfn=(216)
calls=2 0xb1ca0 +83 
* * 48 20 14 3 0 0 3
+92 -28 2 2 0 1 0 0 1
+4 * 2
+4 * 2
+3 * 2
+3 * 2

fn=(14) _int_malloc
0xb2400 3790 2015 0 2015 1 0 0 1
+1 * 2015
+3 * 2015 0 2015
+2 * 2015 0 2015
+2 * 2015 0 2015
+2 * 2015 0 2015
+2 * 2015 0 2015 0 0 1 0 0 1
+1 * 2015
+4 +32 2015
+3 * 2015
+6 1288 2015
+4 * 2015
+3 * 2015
+3 * 2015
+4 * 2015
+6 * 1014
+4 3831 1014
+3 * 1014
+6 +16 1014 0 0 1 0 0 1
+7 * 1014
+6 +54 4
+3 * 4
+4 * 4
+3 * 4
+7 * 4
+6 +18 2013
+3 -1 2013
+2 +12 2013 2013
+4 * 2013
+4 -11 2013
+4 * 2013
+4 -1 2013 2013
+7 * 2013
+4 * 2013 0 2013 1 0 0 1
+4 +12 2013
+3 * 2013
+6 -6 38 0 38
+3 +5 38
+3 -7 38
+3 +2 38
+3 * 38 0 38
+4 +9 38 38
+4 * 38
+4 +3 38
+4 * 38
+6 +1 38 38
+7 * 38
+3 * 38
+6 -3 38 0 0 1 0 0 1
+4 +5 38 38
+4 +1 38
+4 * 38
+6 * 38
+3 * 38
+6 +2 38 38
+3 * 38
+4 * 38
+3 * 38
+6 -10 38 38
+4 +12 38 38
+4 * 38
+6 +1 38 38
+4 * 38 0 0 1 0 0 1
+6 +2 38
+3 * 38
+6 +11 38
+7 * 38
+2 * 38
+3 * 38
+6 +29 2 0 2
+4 +1 2 0 2
+4 +4 2
+3 * 2
+6 +31 2
+6 * 2
+6 +8 2
+3 * 2
+4 * 2 0 0 1 0 0 1
+6 * 2
+6 * 1
+3 * 1
+4 * 1
+3 * 1
+4 +1 1
+4 +1 1 1 0 0 1
+3 -1 1
+4 +4 1
+3 * 1
-14 -4 1
+4 +1 1 1 0 0 1
+3 -1 1
+4 +4 1
+3 * 1
+77 +50 18 0 0 1 0 0 1
+2 * 18
+5 +9 18
+4 -9 18 0 0 1 0 0 1
+3 * 18
+2 * 18
+2 * 18 0 18
+8 +1 18 0 18
+4 +1 18 0 18
+4 +1 18 0 18 0 0 1 0 0 1
+4 +1 18 0 18
+4 +6 18
+3 * 18
0xb2648 3831 1001
+3 * 1001
+6 * 1001
+6 * 1001
+5 1288 1001
+6 3850 1001
+4 +2 1001 1001
+4 -2 1001
+4 +2 1001
+3 * 1001
-15 -2 1010 0 0 1 0 0 1
+4 +2 1010 1010 0 0 6 0 0 6
+4 -2 1010
+4 +2 1010
+3 * 1010
+6 +2 2 2
+5 +1 2 2
+4 * 2 0 0 1 0 0 1
+6 +2 2 0 2
+6 +1 2 0 2
+4 +1 2 0 2
+4 +2 2
+7 * 2
+3 * 2
+3 * 2
+8 +6 2
+3 * 2
+4 * 2
+4 +1 2 2
+7 * 2 0 0 1 0 0 1
+6 2919 2 2
+7 * 2 2
+4 3872 2
+7 * 2
+3 * 2
+6 +4 2
+3 * 2 2
+4 * 2
+3 * 2
+3 * 2
+3 * 2
+3 * 2
+2 * 2 2
+5 +1 2
+3 * 2
+90 3047 2
+3 * 2
+10 1888 2 2
+6 3893 2
+4 1888 2
+2 * 2
+6 4340 2015 0 0 1 0 0 1
+4 * 2015
+3 * 2015 2015
+1 * 2015 2015
+2 * 2015 2015
+2 * 2015 2015
+2 * 2015 2015 0 1 0 0 1
+2 * 2015 2015
+1 * 2015 2015
+5 3901 2
+3 * 2
+4 * 2
+3 * 2
+7 * 2
+79 * 1010 0 0 1 0 0 1
+3 -52 1010
+3 * 1010
+3 * 1010
+3 * 1010
+4 * 1010
+4 * 1010 0 0 1 0 0 1
+12 4105 18
+4 * 18
+7 * 18
+2 3930 18 18
+4 * 18
+3 * 18
+6 4111 18 18
+3 * 18 18
+4 * 18
+3 * 18
+6 +13 1993
+3 -2 1993
+7 * 1993 0 0 1 0 0 1
+6 +2 4
+3 * 4
+4 +3 4 4 0 0 4 0 0 4
+3 -3 4
+4 +3 4
+3 * 4
0xb28ff 4277 2 0 0 1 0 0 1
+4 * 2 0 2
+4 +3 2
+7 * 2
+3 * 2
+3 * 2
+3 * 2
+4 * 2
+3 * 2
+4 * 2 0 2
+5 +2 2
+3 * 2
+4 * 2 0 2
+4 +1 2 0 2
+4 1888 2 2
+6 4286 2
+4 1888 2 0 0 1 0 0 1
+2 * 2
-59 4280 14
+7 * 14
+3 * 14
+3 * 14
+3 * 14
+4 * 14
+3 * 14
+4 * 14 0 14
+5 +2 14
+3 * 14
+4 * 14 0 14
+4 +1 14 0 14
+4 1888 14 14
+6 4286 14
+4 1888 14
+2 * 14
0xb2a30 4031 1 0 0 1 0 0 1
+3 * 1
+4 * 1
+6 * 1 0 0 1 0 0 1
0xb2ae8 +52 2 0 0 1 0 0 1
+5 -51 2
+3 +51 2
+4 * 2 0 2
+4 * 2
+24 3959 38 38 0 1 0 0 1
+4 * 38
+6 +2 36
+4 -1 36
+3 * 36
+6 +27 16 0 16
+4 +1 16 0 16
+4 +4 16
+3 * 16
+6 +31 16
+5 * 16 0 0 1 0 0 1
+5 * 16
+6 * 16
+6 * 16
+2 +2 16
+2 * 16
+3 +1 16
+4 * 16
+2 * 16
+4 +1 16 16 0 0 7 0 0 2
+3 -1 16
+4 +1 16
+10 +4 1
+3 * 1
+7 * 1
+3 * 1 0 0 1 0 0 1
+4 * 1
0xb2eb8 4195 1993 0 0 1 0 0 1
+3 +1 1993
+3 +1 1993
+2 -1 1993 0 0 1 0 0 1
+5 +1 1993
+3 +1 1993
+2 * 1993 1993 0 0 1 0 0 1
+8 +1 1993
+5 * 1993
+2 * 1993
+7 +5 1993
+3 * 1993
+3 * 1993
-6 * 16
+3 * 16
+3 * 16
+2 * 1981
+8 +16 168
+4 +2 168
+2 * 168
+6 -4 200
+3 * 200
+2 +8 32 32
+4 +3 32
+3 * 32
+6 +2 16
+2 +1 16
+4 +1 16
+2 -2 16
+2 * 16
+3 * 16
+2 * 16 0 16
+8 -27 16
+2 +4 1981 0 0 1 0 0 1
+3 * 1981
+3 * 1981
+2 +3 1978
+2 * 1978 1978
+8 * 1978
+3 * 1978 0 0 1 0 0 1
+6 -3 1977
+3 * 1977
+3 * 1977
+2 +3 1974
+2 * 1974 1974
+8 * 1974
+3 * 1974
+6 -3 1972
+3 * 1972
+3 * 1972
+2 +3 983
+2 * 983 983
+8 * 983
+3 * 983
+6 -3 982
+2 * 982
+18 4308 1977 1977 0 1 0 0 1
+4 * 1977 0 1977
+4 +1 1977 1977 0 0 1 0 0 1
+4 * 1977 0 1977
+4 * 1977
+4 +2 1977 1977
+7 * 1977
+6 +3 1977
+4 * 1977 0 1977 0 0 1 0 0 1
+4 * 1977
+3 * 1977
+6 +5 1973 0 0 1 0 0 1
+7 -2 1973 1973
+4 +2 1973
+3 * 1973
+3 -2 1973
+4 +7 1973
+4 -8 1973
+3 +3 1973
+3 +2 1973
+4 -3 1973 0 1973
+4 +1 1973
+4 * 1973
+3 * 1973
+4 * 1973 0 1973
+4 +2 1973 0 1973 0 0 1488 0 0 1488
+4 1888 1973 1973 0 0 1 0 0 1
+6 * 1973
+2 * 1973 0 0 1 0 0 1
+59 2324 4 4 0 1 4 0 1 1
+7 +12 4 4 0 0 4 0 0 1
+7 -12 4 4 0 0 4
+4 * 4 0 4
+4 +12 4
+83 4336 4 0 0 1 0 0 1
+3 * 4
+3 * 4 0 4
cfn=(208) alloc_perturb
calls=4 0xb08d0 1887 
* * 20 8 0 1 0 0 1
+5 * 4
+5 4208 4
+2 +5 4
+2 * 4
+3 * 4
+3 * 4 0 0 1 0 0 1
+4 +1 4
+5 * 4
+5 +24 16 16
+5 * 16
+4 +3 16
+3 * 16
+6 +2 16
+3 +3 16
+3 * 16 0 16
+4 -3 16
+3 * 16 0 16
+4 * 16 0 16
+4 * 16 0 16
+4 +3 16 0 16
cfn=(218) unlink_chunk.isra.0
calls=16 0xb0f70 1592 
* * 328 138 52 3 0 0 3
+5 +3 16 16
+4 * 16 16 0 1 0 0 1
+4 * 16 16
+4 * 16 16
+4 * 16
+4 * 16
+6 +15 16 16
+4 +1 16 16
+4 * 16
+6 +3 16
+5 * 16
+5 -9 16
+4 +9 16
+4 * 16 0 16
+4 +1 16 0 16
+4 +1 16 0 16
+4 +3 16
+7 * 16
+2 +1 16 0 16
+4 +1 16
+7 * 16
+6 * 2
+5 2325 4 0 0 1 0 0 1
+3 +36 4 4
+4 * 4 4
+4 * 4
+3 * 4
+4 +1 4
+4 -1 4 0 4
+4 +1 4 0 4
+4 +9 4 0 0 1 0 0 1
+3 * 4
+7 * 4 4
+5 * 4
+6 * 4
+2 * 4
+6 * 4 4
+4 * 4
+4 * 4 4
+4 * 4
+6 +6 4 4
+4 * 4 4
+4 * 4
+6 +3 4 0 0 1 0 0 1
+7 * 4
+3 * 4
+3 * 4
0xb32a7 2698 4 4 0 1 0 0 1
+7 * 4 4
+7 * 4
+2 +1 4 0 4
+7 +4 4 4 0 1 0 0 1
+4 +1 4 4
+5 * 4
+4 +3 4 4
+4 * 4
+6 +5 4
+2 * 4
+3 -2 4
+4 +2 4
+3 -3 4
+3 +2 4 0 4
+4 +4 4
+4 -3 4
+4 +1 4
+4 -1 4
+3 * 4
+4 * 4 0 4
+5 +1 4 0 4 1 0 3 1 0 3
+4 4335 4
0xb340e 2441 4 4 0 1 0 0 1
+7 * 4
+5 +8 4 4
+5 * 4
+2 +1 4 4
+4 +10 4 4
+8 * 4
+6 +7 4 4
+4 * 4
+5 * 4
+3 * 4 0 0 1 0 0 1
+3 +8 4
+3 * 4
0xb3779 3965 20 0 0 1 0 0 1
+4 -1 20
+3 * 20 20 0 1 0 0 1
+4 +3 20
+5 -1 20 0 20
+4 +1 20
+4 * 20 0 20
+5 +1 20
+5 * 20
+4 * 20 0 20
+4 +1 20
+6 * 20
+2 +2 12
+4 * 12 0 12
+4 +4 12
+7 +6 12
+4 -6 12 0 0 1 0 0 1
+3 * 12
+3 * 12
+3 * 12
+4 * 12
+3 * 12
+4 * 12 0 12
+4 +2 12
+3 * 12
+4 * 12 0 12
+4 +5 12
+3 -4 12 0 12
+3 +4 12
+3 * 12 0 12
cfn=(208)
calls=12 0xb08d0 1887 
* * 60 24
-55 -7 8
+7 +6 8
+4 -6 8
+3 * 8
+3 * 8
+3 * 8
+4 * 8
+3 * 8
+4 * 8 0 8
+4 +2 8
+3 * 8
+4 * 8 0 8
+4 +5 8
+3 -4 8 0 8
+3 +4 8
+3 * 8 0 8
cfn=(208)
calls=8 0xb08d0 1887 
* * 40 16
+5 +1 20
0xb38a4 2477 4 0 0 1 0 0 1
+3 * 4 0 4
+4 * 4 0 4
+4 * 4 0 4
cfi=(30) ./malloc/./malloc/morecore.c
cfn=(202) __glibc_morecore
calls=4 0xb1bb0 25 
* * 176 44 24 6 12 4 6 3
+5 +1 4 4
+4 * 4 4
+4 * 4
+3 -1 4 0 0 1 0 0 1
+3 +1 4
+2 1912 4 4
+7 * 4
+60 2480 4 0 0 1 0 0 1
+1 +3 4
+3 * 4
+6 +38 4 4
+7 * 4
+3 * 4
+6 * 4
+3 +2 4 4
+7 * 4
+3 +6 4
+3 -6 4 0 4
+7 +6 4
+4 * 4 4
+4 * 4 0 0 1 0 0 1
+6 * 4
+3 * 4
+6 +1 4 4
+4 * 4 4
+4 * 4
+3 * 4
+4 * 4 0 4
+4 * 4

fn=(12)
0xb3ca0 3247 2015 0 2015 1 0 0 1
+1 * 2015
+3 * 2015 0 2015
+2 * 2015 0 2015
+1 * 2015
+3 * 2015
+4 +4 2015 2015 0 0 1 0 0 1
+7 * 2015
0xb3d9e +28 2015
+4 * 2015 2015
+1 * 2015 2015
+2 * 2015 2015
+1 * 2015 2015
+10 -26 2015 0 0 1 0 0 1
+3 * 2015
+7 * 2015 0 2015 0 0 1 0 0 1
cfn=(14)
calls=2015 0xb2400 3790 
* * 234264 37865 26653 60 46 1498 60 20 1494
+5 +1 2015 0 0 1 0 0 1
+3 * 2015
+2 * 2015 2015
+4 * 2015
+3 * 2015
fi=(5) ./malloc/./malloc/arena.c
+2 151 2015
+3 * 2015
fe=(4)

fn=(126)
0xb5360 3319 7010 0 0 1 0 0 1
+4 +3 7010
+3 * 7010
+6 +15 7010
+4 * 7010
+6 -4 7010 7010
+4 * 7010
+3 * 7010 0 0 1 0 0 1
+4 +8 7010 7010
+7 * 7010
+4 * 7010
+2 +6 7008 7008
+7 * 7008 7008
+4 * 7008
+6 +6 7008 7008
+7 -3 7008
+4 * 7008
+3 +3 7008 7008
+4 -3 7008
+4 +1 7008
+7 * 7008
+2 +2 7008 7008 0 1 2 0 1 1
+4 * 7008
+3 * 7008
+2 3007 7007
+3 +8 7007
+3 -12 7007 0 7007
+4 +4 7007
+4 * 7007 7007 0 0 1
+8 * 7007 0 7007
+3 +1 7007 0 7007
+8 +7 7007 0 7007
+4 3354 7007 7007
+9 +10 1
+7 * 1
+3 * 1 0 0 1 0 0 1
+6 -34 2
+4 +40 2
+3 * 2
fi=(5)
+6 151 2
+4 * 2
+7 * 2
fe=(4)
+14 3374 2
+2 * 2
+3 * 2
cfn=(212) _int_free_chunk
calls=2 0xb2300 4351 
* * 218 70 50 11 6 0 11 2
0xb54f2 -9 1 0 0 1 0 0 1
cfn=(128)
calls=1 0xb55d0 -53 
* * 312 41 133 4 2 12 4 2 12

fn=(127)
0xb5360 3319 1
+4 +3 1
+3 * 1
+6 +15 1
+4 * 1
+6 -4 1 1
+4 * 1
+3 * 1
+4 +8 1 1
+7 * 1
+4 * 1
+2 +6 1 1
+7 * 1 1
+4 * 1
+6 +6 1 1
+7 -3 1
+4 * 1
+3 +3 1 1
+4 -3 1
+4 +1 1
+7 * 1
+2 +2 1 1
+4 * 1
+3 * 1
+2 3007 1
+3 +8 1
+3 -12 1 0 1
+4 +4 1
+4 * 1 1
+8 * 1 0 1
+3 +1 1 0 1
+8 +7 1 0 1
+4 3354 1 1

fn=(208)
0xb08d0 1887 24 0 0 1 0 0 1
+3 +1 24 24
+6 * 24
+2 * 24
+2 +2 24 24

fn=(212)
0xb2300 4351 2 0 2 1 0 0 1
+1 * 2
+3 * 2 0 2
+1 * 2
+4 +8 2 2 0 0 2 0 0 1
+7 -3 2 2
+4 +3 2 2 0 0 2 0 0 1
+3 -3 2
+2 * 2
+2 +6 2 2
+7 * 2
+2 +6 2 0 2
cfn=(214)
calls=2 0xb20e0 +39 
* * 184 54 42 10 2 0 10
+5 +5 2 2
+7 * 2 0 2
+3 +27 2 2
+4 * 2 2
+1 * 2 2

fn=(10)
0xb4e10 3283 9011 0 0 1 0 0 1
+4 1269 9011
+3 * 9011
+2 +19 9011
+4 3287 9011 9011 0 0 1 0 0 1
+7 1288 9011
+4 * 9011
+2 * 7010
+4 3287 7010
+3 * 7010
+2 +2 7007
+3 * 7007
+4 * 7007
+4 +2 7007 0 0 1 0 0 1
+4 * 7007
+2 +2 9008 9008 0 0 1 0 0 1
+7 * 9008
+4 * 9008 9008 0 0 1 0 0 1
+4 * 9008 9008 0 0 1 0 0 1
+5 * 9008
+3 * 9008
+2 3030 6997
+2 * 6997
+6 +4 6997
+3 * 6997
+4 * 6997 6997
+3 * 6997 0 6997
+5 +4 6997 0 6997
+5 +1 6997 0 6997
+8 3294 6997 6997
+7 -7 2001
+4 * 2001
+2 +19 2014 0 0 1 0 0 1
cfn=(12)
calls=2014 0xb3ca0 -59 
* * 280471 49931 34696 63 46 1498 63 20 1494
+10 -17 2001
+2 * 2001

fn=(218)
0xb0f70 1592 16 0 16 1 0 0 1
+1 +2 16 16
+4 * 16
+3 * 16
+4 -2 16
+3 +2 16 16 0 1 0 0 1
+4 * 16
+6 +3 16 16
+4 +3 16 16
+4 * 16
+2 -2 16 16
+4 +2 16 16
+4 * 16
+2 +3 16 0 16
+4 +1 16 0 16
+4 +1 16
+7 * 16
+2 * 2 2
+4 * 2
+3 * 2
+2 +2 2 2
+4 * 2
+2 +1 2 2 0 1 0 0 1
+4 * 2 2
+4 * 2
+2 +3 2 2
+5 * 2
+2 +14 2 0 2
+4 +1 2 0 2
+4 +3 2 2
+1 * 2 2
-1 * 14 14
+1 * 14 14

fl=(8)
fn=(32)
0x4b780 289 100000 0 0 1 0 0 1
+4 * 100000 0 100000
+1 * 100000
+3 * 100000
+4 * 100000 100000
+9 * 100000 0 100000
+4 * 100000
+2 +3 100000 100000
+7 * 100000
+52 +13 100000 100000
+4 * 100000 100000
+9 * 100000
+2 * 100000 100000
+1 * 100000 100000
+10 -11 100000 0 0 1 0 0 1
+4 * 100000
+7 * 100000 0 100000
cfi=(9)
cfn=(34)
calls=100000 0x4bc50 +77 
* * 2796775 800000 400000 3 5 0 3 5
+5 +1 100000 100000 0 1 0 0 1
+4 * 100000

fl=(30)
fn=(202)
0xb1bb0 25 4 0 0 1 0 0 1
+4 +1 4 4
+7 * 4
+2 -1 4 0 4
+1 * 4 0 0 1 0 0 1
+3 +4 4 0 4 0 0 4
cfi=(31)
cfn=(204)
calls=4 0x1343d0 +8 
* * 136 32 16 4 12 0 4 3
+5 +1 4
+4 * 4
+2 +4 4 4
+1 * 4 4

ob=(1) /workspaces/LAB2_RTS/bin/sensor_host
fl=(12) /usr/include/c++/15/bits/new_allocator.h
fn=(62) std::__new_allocator<int>::allocate(unsigned long, void const*)
0x334c 126 8000
+4 * 8000 0 8000
+1 * 8000
+3 * 8000
+4 * 8000 0 8000
+4 * 8000 0 8000
+4 * 8000 0 8000
+4 * 8000 8000
+4 * 8000 0 8000
+4 233 8000
+10 -99 8000 8000
+4 * 8000
+3 * 8000
+3 * 8000 0 0 1 0 0 1
+3 * 8000
+3 * 8000
+2 * 8000
+28 +17 8000 8000
+4 * 8000
+4 * 8000
+3 * 8000 0 8000
cob=(3)
cfi=(2)
cfn=(4)
calls=8000 0x40011d0 0 
* * 655609 133776 76570 44 37 1491 44 11 1487
+5 +1 8000 8000
+1 * 8000 8000

fn=(94) std::__new_allocator<int>::deallocate(int*, unsigned long)
0x2b88 156 7000
+4 * 7000 0 7000
+1 * 7000
+3 * 7000
+4 * 7000 0 7000
+4 * 7000 0 7000
+4 * 7000 0 7000
+4 +16 7000 7000
+4 * 7000
+3 * 7000 0 7000
cob=(3)
cfi=(2)
cfn=(96)
calls=7000 0x40011a0 0 
* * 274200 77331 28279 60 66 35 60 66 35
+5 +1 7000
+1 * 7000 7000
+1 * 7000 7000

fn=(160) std::__new_allocator<double>::allocate(unsigned long, void const*)
0x31ae 126 11
+4 * 11 0 11
+1 * 11
+3 * 11
+4 * 11 0 11
+4 * 11 0 11 1 0 0 1
+4 * 11 0 11
+4 * 11 11
+4 * 11 0 11
+4 233 11
+10 -99 11 11
+4 * 11
+3 * 11
+3 * 11
+3 * 11
+3 * 11
+2 * 11
+28 +17 11 11 0 1 0 0 1
+4 * 11
+4 * 11
+3 * 11 0 11
cob=(3)
cfi=(2)
cfn=(4)
calls=11 0x40011d0 0 
* * 1127 216 136 0 4 5 0 4 5
+5 +1 11 11
+1 * 11 11

fn=(196) std::__new_allocator<double>::deallocate(double*, unsigned long)
0x2ec2 156 10
+4 * 10 0 10
+1 * 10
+3 * 10
+4 * 10 0 10
+4 * 10 0 10
+4 * 10 0 10
+4 +16 10 10
+4 * 10
+3 * 10 0 10
cob=(3)
cfi=(2)
cfn=(96)
calls=10 0x40011a0 0 
* * 582 166 82 11 8 0 11 2
+5 +1 10
+1 * 10 10
+1 * 10 10

fl=(1) /workspaces/LAB2_RTS/src/sensor_data_processing.cpp
fn=(0) main
0x17ab 40 1 0 0 1 0 0 1
+3 * 1 0 1 0 0 1 0 0 1
+7 * 1 1
+7 +1 1 0 1 1 0 0 1
+10 * 1
+5 +1 1000 0 1000 0 0 1 0 0 1
cfn=(2) generate_sensor_data()
calls=1000 0x15a8 -27 
* * 21977720 7491130 5475863 201 121 7727 201 95 7723
+5 * 1000 0 1000
+7 +2 1000 1000
+7 * 1000
+3 * 1000 0 1000
cfn=(136) calculate_average(std::vector<int, std::allocator<int> >*)
calls=1000 0x1651 -19 
* * 7765000 2923000 1413000 5 0 0 5
+5 * 1000
+5 * 1000 0 1000
+7 +2 1000
+7 * 1000
+7 * 1000 0 0 1 0 0 1
+3 * 1000
+3 * 1000 0 1000
cfi=(6) /usr/include/c++/15/bits/stl_vector.h
cfn=(140) std::vector<double, std::allocator<double> >::push_back(double const&)
calls=1000 0x1cb2 1416 
* * 69681 28306 20436 60 107 248 60 8 246
0x18d7 +3 1000
+3 * 1000 0 1000
+7 * 1000 1000
+7 -8 1000 0 1000
+7 * 1000 1000
+10 * 1000
-10 * 1 1 0 1 0 0 1
+10 * 1

fn=(26) read_sensor_value()
0x1583 11 100000
+4 * 100000 0 100000
+1 * 100000
+3 +1 100000 0 100000
cob=(3)
cfi=(2)
cfn=(28)
calls=100000 0x4001130 -12 
* * 5496775 1800000 900000 8 6 0 8 6
+5 * 100000
+2 * 100000
+2 * 100000
+3 * 100000
+3 * 100000
+2 * 100000
+6 * 100000
+2 * 100000
+2 +1 100000 100000
+1 * 100000 100000

fn=(136)
0x1651 25 1000
+4 * 1000 0 1000
+1 * 1000
+3 * 1000 0 1000
+1 * 1000
+4 * 1000 0 1000
+4 +1 1000
+4 * 1000 0 1000
+5 +2 1000 0 1000
+7 * 1000
+2 +1 100000 100000
+3 * 100000
+3 * 100000 100000
+4 * 100000
+3 * 100000
+3 * 100000 0 100000
cfi=(6)
cfn=(138) std::vector<int, std::allocator<int> >::operator[](unsigned long)
calls=100000 0x1b6a 1261 
* * 3900000 1500000 700000 2 0 0 2
+5 * 100000 100000
+2 * 100000
+4 * 100000
+4 * 100000 100000
+5 * 100000
+4 * 100000 0 100000
+5 -1 100000 0 100000
+4 * 100000 100000
+3 * 100000
+3 * 100000 100000
+4 * 100000
+3 * 100000 0 100000
cfi=(6)
cfn=(52) std::vector<int, std::allocator<int> >::size() const
calls=100000 0x1b36 1117 
* * 1600000 800000 300000
-13 * 1000 1000 0 1 0 0 1
+3 * 1000
+3 * 1000 1000
+4 * 1000
+3 * 1000 0 1000
cfi=(6)
cfn=(52)
calls=1000 0x1b36 1117 
* * 16000 8000 3000
+5 * 101000
+3 * 101000
+3 * 101000
+2 * 101000 0 0 1 0 0 1
+2 +4 1000 1000
+4 * 1000
+3 * 1000 0 1000
cfi=(6)
cfn=(52)
calls=1000 0x1b36 1117 
* * 16000 8000 3000
+5 * 1000
+3 * 1000
+2 * 1000
+4 * 1000
+5 * 1000
+27 * 1000 1000
+5 * 1000
+4 * 1000 0 0 1 0 0 1
+4 +1 1000 1000
+4 * 1000 1000
+1 * 1000 1000

fn=(2)
0x15a8 15 1000 0 0 1 0 0 1
+4 * 1000 0 1000
+1 * 1000
+3 * 1000 0 1000
+1 * 1000
+4 * 1000 1000 0 0 1 0 0 1
+9 * 1000 0 1000 1 0 0 1
+4 * 1000
+2 +1 1000
+5 * 1000 0 1000 0 0 1 0 0 1
cob=(3)
cfi=(2)
cfn=(4)
calls=1000 0x40011d0 -16 
* * 50136 11023 6014 26 11 2 26 11 2
+5 * 1000
+3 * 1000 0 1000
+7 * 1000 0 1000
+8 * 1000 0 1000
+8 * 1000
+3 * 1000 0 1000
cfi=(6)
cfn=(18) std::vector<int, std::allocator<int> >::vector()
calls=1000 0x1a4a 561 
* * 52000 16000 16000 5 0 0 5
+5 * 1000
+5 * 1000 0 1000
+4 * 1000
+2 * 1000
+10 +2 1000 0 1000 1 0 0 1
+7 * 1000
+2 +1 100000 100000
+4 * 100000 0 100000
cfn=(26)
calls=100000 0x1583 -8 
* * 6896775 2000000 1100000 8 6 0 8 6
+5 * 100000 0 100000
+3 * 100000
+4 * 100000
+3 * 100000
+3 * 100000 0 100000
cfi=(6)
cfn=(36) std::vector<int, std::allocator<int> >::push_back(int&&)
calls=100000 0x1b04 1433 
* * 13947809 5256107 3943849 158 103 7724 158 77 7720
+5 -1 100000 0 100000
+4 * 100000 100000
+4 * 100000
-4 * 1000 1000
+4 * 1000
+2 +4 1000 1000
+4 +1 1000 1000
+4 * 1000 1000 0 1 0 0 1
+9 * 1000
+7 * 1000 1000
+4 * 1000 1000
+1 * 1000 1000

fl=(14) /usr/include/c++/15/new
fn=(68) operator new(unsigned long, void*)
0x1a00 208 101000
+4 * 101000 0 101000
+1 * 101000
+3 * 101000 0 101000
+4 * 101000 0 101000
+4 * 101000 101000
+4 * 101000 101000
+1 * 101000 101000

fl=(6)
fn=(80) std::vector<int, std::allocator<int> >::_S_do_relocate(int*, int*, int*, std::allocator<int>&, std::integral_constant<bool, true>)
0x3050 522 8000
+4 * 8000 0 8000
+1 * 8000
+3 * 8000
+4 * 8000 0 8000
+4 * 8000 0 8000
+4 * 8000 0 8000
+4 * 8000 0 8000
+4 +3 8000 8000
+4 * 8000 8000
+4 * 8000 8000
+4 * 8000 8000
+4 * 8000
+3 * 8000 0 8000 1 0 0 1
cfi=(15) /usr/include/c++/15/bits/stl_uninitialized.h
cfn=(82) int* std::__relocate_a<int*, int*, std::allocator<int> >(int*, int*, int*, std::allocator<int>&)
calls=8000 0x33b6 1353 
* * 528000 187000 149000 10 0 3216 10 0 3216
+5 +1 8000 8000
+1 * 8000 8000

fn=(148) std::_Vector_base<double, std::allocator<double> >::_M_get_Tp_allocator() const
0x319c 312 22 0 0 1 0 0 1
+4 * 22 0 22
+1 * 22
+3 * 22 0 22
+4 +1 22 22
+4 * 22 22
+1 * 22 22

fn=(56) std::vector<int, std::allocator<int> >::begin()
0x2d06 998 8000 0 0 1 0 0 1
+4 * 8000 0 8000
+1 * 8000
+3 * 8000
+4 * 8000 0 8000
+4 * 8000 8000
+9 * 8000 0 8000
+4 * 8000
+2 +1 8000 8000
+4 * 8000 0 8000
fi=(36) /usr/include/c++/15/bits/stl_iterator.h
+4 +60 8000 8000
+4 * 8000 8000
+3 * 8000 0 8000
+4 * 8000
fe=(6)
+1 -60 8000 8000
+4 * 8000 8000 0 1 0 0 1
+4 * 8000 8000
+9 * 8000
+7 * 8000 8000
+1 * 8000 8000

fn=(66) std::vector<int, std::allocator<int> >::_Guard_alloc::_Guard_alloc(int*, unsigned long, std::_Vector_base<int, std::allocator<int> >&)
0x2da2 1875 8000
+4 * 8000 0 8000
+1 * 8000
+3 * 8000 0 8000
+4 * 8000 0 8000
+4 * 8000 0 8000
+4 * 8000 0 8000
+4 +1 8000 8000
+4 * 8000 8000 0 1 0 0 1
+4 * 8000 0 8000
+3 * 8000 8000
+4 * 8000 8000
+4 * 8000 0 8000
+4 * 8000 8000
+4 * 8000 8000
+4 * 8000 0 8000
+4 +1 8000
+1 * 8000 8000
+1 * 8000 8000

fn=(72) std::vector<int, std::allocator<int> >::_S_use_relocate()
0x241f 513 8000
+4 * 8000 0 8000
+1 * 8000
+3 * 8000
+4 * 8000 8000
+9 * 8000 0 8000
+4 * 8000
+2 +5 8000 0 8000
cfn=(74) std::vector<int, std::allocator<int> >::_S_nothrow_relocate(std::integral_constant<bool, true>)
calls=8000 +27 -18 
* * 48000 16000 8000 1 0 0 1
+5 +1 8000 8000
+4 * 8000 8000
+9 * 8000
+7 * 8000 8000
+1 * 8000 8000

fn=(78) std::vector<int, std::allocator<int> >::_S_relocate(int*, int*, int*, std::allocator<int>&)
0x2e21 534 8000 0 0 1 0 0 1
+4 * 8000 0 8000
+1 * 8000
+3 * 8000
+4 * 8000 0 8000
+4 * 8000 0 8000
+4 * 8000 0 8000
+4 * 8000 0 8000
+4 +8 8000 8000
+4 * 8000 8000
+4 * 8000 8000
+4 * 8000 8000
+4 * 8000
+3 * 8000 0 8000
cfn=(80)
calls=8000 0x3050 -20 
* * 656000 235000 197000 11 0 3216 11 0 3216
+5 +2 8000 8000
+1 * 8000 8000

fn=(86) std::vector<int, std::allocator<int> >::_Guard_alloc::~_Guard_alloc()
0x2de0 1880 8000
+4 * 8000 0 8000
+1 * 8000
+3 * 8000
+4 * 8000 0 8000
+4 +2 8000 8000
+4 * 8000 8000
+3 * 8000
+3 * 8000
+2 +1 7000 7000
+4 * 7000 7000
+4 * 7000 7000
+4 * 7000 7000
+4 * 7000 7000
+4 * 7000 7000
+3 * 7000
+3 * 7000
+3 * 7000 0 7000
cfn=(92) std::_Vector_base<int, std::allocator<int> >::_M_deallocate(int*, unsigned long)
calls=7000 0x1dba 392 
* * 540200 161331 119279 61 66 35 61 66 35
+5 +1 8000
+1 * 8000 8000
+1 * 8000 8000

fn=(20) std::_Vector_base<int, std::allocator<int> >::_Vector_base()
0x1a2a 321 1000 0 0 1 0 0 1
+4 * 1000 0 1000
+1 * 1000
+3 * 1000
+4 * 1000 0 1000
+4 * 1000 1000
+4 * 1000
+3 * 1000 0 1000
cfn=(22) std::_Vector_base<int, std::allocator<int> >::_Vector_impl::_Vector_impl()
calls=1000 0x1ad2 143 
* * 30000 10000 10000 3 0 0 3
+5 * 1000
+1 * 1000 1000
+1 * 1000 1000

fn=(46) std::_Vector_base<int, std::allocator<int> >::_M_get_Tp_allocator() const
0x333a 312 16000 0 0 1 0 0 1
+4 * 16000 0 16000
+1 * 16000 0 0 1 0 0 1
+3 * 16000 0 16000 0 0 1 0 0 1
+4 +1 16000 16000
+4 * 16000 16000
+1 * 16000 16000

fn=(48) std::vector<int, std::allocator<int> >::_S_max_size(std::allocator<int> const&)
0x32b8 2222 16000 0 0 1 0 0 1
+4 * 16000 0 16000
+1 * 16000
+3 * 16000 0 0 1 0 0 1
+4 * 16000 0 16000
+4 * 16000 16000
+9 * 16000 0 16000
+4 * 16000
+2 +5 16000
+10 * 16000 0 16000
+4 * 16000 16000
+4 * 16000 0 16000
+4 * 16000 16000
+4 * 16000 0 16000
+4 * 16000 16000
+4 * 16000 0 16000
fi=(12)
+4 233 16000
+10 -50 16000
fi=(13) /usr/include/c++/15/bits/alloc_traits.h
+1 712 16000
fe=(6)
+1 2229 16000 0 16000
+4 +1 16000
+4 * 16000
+4 * 16000
+3 * 16000
+3 * 16000 0 16000 0 0 1 0 0 1
cfi=(11) /usr/include/c++/15/bits/stl_algobase.h
cfn=(50) unsigned long const& std::min<unsigned long>(unsigned long const&, unsigned long const&)
calls=16000 0x23f0 234 
* * 224000 112000 48000 2 0 0 2
+5 * 16000 16000
+3 +1 16000 16000
+4 * 16000 16000
+9 * 16000
+7 * 16000 16000
+1 * 16000 16000

fn=(174) std::vector<double, std::allocator<double> >::_S_relocate(double*, double*, double*, std::allocator<double>&)
0x2afb 534 11 0 0 1 0 0 1
+4 * 11 0 11
+1 * 11 0 0 1 0 0 1
+3 * 11
+4 * 11 0 11
+4 * 11 0 11
+4 * 11 0 11
+4 * 11 0 11
+4 +8 11 11
+4 * 11 11
+4 * 11 11
+4 * 11 11
+4 * 11
+3 * 11 0 11
cfn=(176) std::vector<double, std::allocator<double> >::_S_do_relocate(double*, double*, double*, std::allocator<double>&, std::integral_constant<bool, true>)
calls=11 0x2f73 -20 
* * 1682 566 505 10 94 119 10 1 119
+5 +2 11 11
+1 * 11 11

fn=(194) std::_Vector_base<double, std::allocator<double> >::_M_deallocate(double*, unsigned long)
0x1f30 392 10 0 0 1 0 0 1
+4 * 10 0 10
+1 * 10
+3 * 10
+4 * 10 0 10
+4 * 10 0 10 1 0 0 1
+4 * 10 0 10
+4 +3 10 10
+5 * 10
+2 +1 10 10
+4 * 10 0 10
+4 * 10 10
+4 * 10 0 10
+4 * 10 10
+4 * 10 0 10
fi=(13)
+4 649 10 10
+4 * 10 10
+4 * 10 10
+4 * 10
+3 * 10
+3 * 10 0 10
cfi=(12)
cfn=(196)
calls=10 0x2ec2 156 
* * 712 196 132 11 8 0 11 2
+5 * 10
fe=(6)
+1 397 10
+1 * 10 10
+1 * 10 10

fn=(154) std::vector<double, std::allocator<double> >::begin()
0x29e0 998 11 0 0 1 0 0 1
+4 * 11 0 11
+1 * 11
+3 * 11
+4 * 11 0 11
+4 * 11 11
+9 * 11 0 11
+4 * 11
+2 +1 11 11 0 1 0 0 1
+4 * 11 0 11
fi=(36)
+4 +60 11 11
+4 * 11 11
+3 * 11 0 11
+4 * 11
fe=(6)
+1 -60 11 11
+4 * 11 11
+4 * 11 11
+9 * 11
+7 * 11 11
+1 * 11 11

fn=(24) std::_Vector_base<int, std::allocator<int> >::_Vector_impl_data::_Vector_impl_data()
0x1d88 105 1000 0 0 1 0 0 1
+4 * 1000 0 1000
+1 * 1000
+3 * 1000 0 1000
+4 +1 1000 1000
+4 * 1000 0 1000
+7 * 1000 1000
+4 * 1000 0 1000
+8 * 1000 1000
+4 * 1000 0 1000
+8 +1 1000
+1 * 1000 1000
+1 * 1000 1000

fn=(36)
0x1b04 1433 100000
+4 * 100000 0 100000
+1 * 100000
+3 * 100000
+4 * 100000 0 100000
+4 * 100000 0 100000
+4 * 100000 100000
+4 * 100000 0 100000
fi=(37) /usr/include/c++/15/bits/move.h
+4 139 100000 100000
fe=(6)
+4 1434 100000 100000
+4 * 100000
+3 * 100000
+3 * 100000 0 100000
cfi=(10) /usr/include/c++/15/bits/vector.tcc
cfn=(38) void std::vector<int, std::allocator<int> >::emplace_back<int>(int&&)
calls=100000 0x1e0c 111 
* * 12347809 4756107 3443849 158 103 7724 158 77 7720
+5 * 100000
+1 * 100000 100000
+1 * 100000 100000

fn=(156) std::vector<double, std::allocator<double> >::end()
0x298e 1018 11
+4 * 11 0 11
+1 * 11
+3 * 11
+4 * 11 0 11
+4 * 11 11
+9 * 11 0 11
+4 * 11
+2 +1 11 11
+4 * 11
+4 * 11 0 11
fi=(36)
+4 +40 11 11
+4 * 11 11
+3 * 11 0 11
+4 * 11
fe=(6)
+1 -40 11 11
+4 * 11 11
+4 * 11 11
+9 * 11
+7 * 11 11
+1 * 11 11

fn=(76) std::_Vector_base<int, std::allocator<int> >::_M_get_Tp_allocator()
0x2e58 307 8000 0 0 1 0 0 1
+4 * 8000 0 8000
+1 * 8000
+3 * 8000 0 8000
+4 +1 8000 8000
+4 * 8000 8000
+1 * 8000 8000

fn=(164) std::vector<double, std::allocator<double> >::_Guard_alloc::_Guard_alloc(double*, unsigned long, std::_Vector_base<double, std::allocator<double> >&)
0x2a7c 1875 11
+4 * 11 0 11 1 0 0 1
+1 * 11
+3 * 11 0 11
+4 * 11 0 11
+4 * 11 0 11
+4 * 11 0 11
+4 +1 11 11
+4 * 11 11
+4 * 11 0 11
+3 * 11 11
+4 * 11 11
+4 * 11 0 11
+4 * 11 11
+4 * 11 11
+4 * 11 0 11
+4 +1 11
+1 * 11 11
+1 * 11 11

fn=(22)
0x1ad2 143 1000 0 0 1 0 0 1
+4 * 1000 0 1000
+1 * 1000
+3 * 1000
+4 * 1000 0 1000
+4 * 1000 1000
+4 * 1000 0 1000
+4 * 1000 1000
+4 * 1000 0 1000
fi=(12)
+4 -55 1000
fi=(38) /usr/include/c++/15/bits/allocator.h
+1 +80 1000
fe=(6)
+1 -20 1000 1000
+4 * 1000
+3 * 1000 0 1000
cfn=(24)
calls=1000 0x1d88 -43 
* * 13000 5000 5000 1 0 0 1
+5 +1 1000 0 0 1 0 0 1
+1 * 1000 1000
+1 * 1000 1000

fn=(42) std::vector<int, std::allocator<int> >::_M_check_len(unsigned long, char const*) const
0x2bb0 2202 8000 0 0 1 0 0 1
+4 * 8000 0 8000
+1 * 8000
+3 * 8000 0 8000 0 0 1 0 0 1
+1 * 8000
+4 * 8000 0 8000 1 0 0 1
+4 * 8000 0 8000
+4 * 8000 0 8000 0 0 1 0 0 1
+4 * 8000 8000
+9 * 8000 0 8000
+4 * 8000
+2 +2 8000 8000
+4 * 8000
+3 * 8000 0 8000
cfn=(44) std::vector<int, std::allocator<int> >::max_size() const
calls=8000 0x302a 1128 
* * 512000 176000 144000 8 0 2 8 0 2
+5 * 8000
+3 * 8000 8000
+4 * 8000
+3 * 8000 0 8000
cfn=(52)
calls=8000 0x1b36 1117 
* * 128000 64000 24000 1 0 0 1
+5 * 8000
+3 * 8000
+3 * 8000 8000
+4 * 8000
+3 * 8000 0 0 1 0 0 1
+3 * 8000
+2 * 8000
+34 +3 8000 8000
+4 * 8000
+3 * 8000 0 8000
cfn=(52)
calls=8000 0x1b36 1117 
* * 128000 64000 24000
+5 * 8000
+3 * 8000 8000
+4 * 8000
+3 * 8000 0 8000 1 0 0 1
cfn=(52)
calls=8000 0x1b36 1117 
* * 128000 64000 24000
+5 * 8000 0 8000
+4 * 8000
+4 * 8000
+4 * 8000
+3 * 8000
+3 * 8000 0 8000
cfi=(11)
cfn=(54) unsigned long const& std::max<unsigned long>(unsigned long const&, unsigned long const&)
calls=8000 0x2f44 258 
* * 113000 56000 24000 1 0 0 1
+5 * 8000 8000
+3 * 8000
+3 * 8000 0 8000
+4 +1 8000 8000
+4 * 8000
+3 * 8000 0 8000
cfn=(52)
calls=8000 0x1b36 1117 
* * 128000 64000 24000
+5 * 8000 8000
+4 * 8000
+2 * 8000 8000
+4 * 8000
+3 * 8000 0 8000 1 0 0 1
cfn=(44)
calls=8000 0x302a 1128 
* * 512000 176000 144000
+5 * 8000 8000
+4 * 8000
+16 * 8000 8000
+4 +1 8000 8000
+4 * 8000 8000
+9 * 8000
+7 * 8000 8000
+4 * 8000 8000
+1 * 8000 8000

fn=(74)
0x2455 500 8000 0 0 1 0 0 1
+4 * 8000 0 8000
+1 * 8000
+3 +5 8000
+5 +1 8000 8000
+1 * 8000 8000

fn=(158) std::_Vector_base<double, std::allocator<double> >::_M_allocate(unsigned long)
0x2a2e 384 11
+4 * 11 0 11
+1 * 11
+3 * 11
+4 * 11 0 11
+4 * 11 0 11 1 0 0 1
+4 +3 11 11
+5 * 11
+2 * 11 11
+4 * 11 0 11
+4 * 11 11
+4 * 11 0 11
fi=(13)
+4 614 11 11
+4 * 11 11
+4 * 11
+5 * 11
+3 * 11
+3 * 11 0 11
cfi=(12)
cfn=(160)
calls=11 0x31ae 126 
* * 1380 271 202 2 4 5 2 4 5
+5 * 11
+1 * 11
fe=(6)
+7 388 11 11
+1 * 11 11

fn=(144) std::vector<double, std::allocator<double> >::_M_check_len(unsigned long, char const*) const
0x288a 2202 11 0 0 1 0 0 1
+4 * 11 0 11
+1 * 11
+3 * 11 0 11
+1 * 11
+4 * 11 0 11
+4 * 11 0 11
+4 * 11 0 11
+4 * 11 11
+9 * 11 0 11
+4 * 11
+2 +2 11 11
+4 * 11
+3 * 11 0 11
cfn=(146) std::vector<double, std::allocator<double> >::max_size() const
calls=11 0x2eea 1128 
* * 704 242 198 5 0 0 5
+5 * 11 0 0 1 0 0 1
+3 * 11 11
+4 * 11
+3 * 11 0 11
cfn=(152) std::vector<double, std::allocator<double> >::size() const
calls=11 0x2f10 1117 
* * 176 88 33
+5 * 11
+3 * 11
+3 * 11 11
+4 * 11
+3 * 11
+3 * 11
+2 * 11
+34 +3 11 11 0 1 0 0 1
+4 * 11
+3 * 11 0 11
cfn=(152)
calls=11 0x2f10 1117 
* * 176 88 33
+5 * 11
+3 * 11 11
+4 * 11
+3 * 11 0 11
cfn=(152)
calls=11 0x2f10 1117 
* * 176 88 33
+5 * 11 0 11
+4 * 11
+4 * 11
+4 * 11
+3 * 11
+3 * 11 0 11
cfi=(11)
cfn=(54)
calls=11 0x2f44 258 
* * 155 77 33
+5 * 11 11
+3 * 11
+3 * 11 0 11
+4 +1 11 11 0 1 0 0 1
+4 * 11
+3 * 11 0 11
cfn=(152)
calls=11 0x2f10 1117 
* * 176 88 33
+5 * 11 11
+4 * 11
+2 * 11 11
+4 * 11
+3 * 11 0 11
cfn=(146)
calls=11 0x2eea 1128 
* * 704 242 198
+5 * 11 11
+4 * 11
+16 * 11 11
+4 +1 11 11
+4 * 11 11
+9 * 11 0 0 1 0 0 1
+7 * 11 11
+4 * 11 11
+1 * 11 11

fn=(176)
0x2f73 522 11
+4 * 11 0 11
+1 * 11
+3 * 11
+4 * 11 0 11 1 0 0 1
+4 * 11 0 11
+4 * 11 0 11
+4 * 11 0 11
+4 +3 11 11
+4 * 11 11
+4 * 11 11
+4 * 11 11
+4 * 11
+3 * 11 0 11
cfi=(15)
cfn=(178) double* std::__relocate_a<double*, double*, std::allocator<double> >(double*, double*, double*, std::allocator<double>&)
calls=11 0x3218 1353 
* * 1506 500 439 9 94 119 9 1 119
+5 +1 11 11
+1 * 11 11

fn=(146)
0x2eea 1128 22 0 0 1 0 0 1
+4 * 22 0 22
+1 * 22
+3 * 22
+4 * 22 0 22
+4 +1 22 22
+4 * 22 0 0 1 0 0 1
+3 * 22 0 22
cfn=(148)
calls=22 0x319c 312 
* * 154 66 44 1 0 0 1
+5 * 22
+3 * 22 0 22
cfn=(150) std::vector<double, std::allocator<double> >::_S_max_size(std::allocator<double> const&)
calls=22 0x311a 2222 
* * 990 352 264 2 0 0 2
+5 * 22 22
+1 * 22 22

fn=(172) std::_Vector_base<double, std::allocator<double> >::_M_get_Tp_allocator()
0x1f82 307 11
+4 * 11 0 11
+1 * 11
+3 * 11 0 11
+4 +1 11 11
+4 * 11 11
+1 * 11 11

fn=(44)
0x302a 1128 16000 0 0 1 0 0 1
+4 * 16000 0 16000
+1 * 16000
+3 * 16000
+4 * 16000 0 16000
+4 +1 16000 16000
+4 * 16000 0 0 1 0 0 1
+3 * 16000 0 16000
cfn=(46)
calls=16000 0x333a 312 
* * 112000 48000 32000 2 0 1 2 0 1
+5 * 16000
+3 * 16000 0 16000
cfn=(48)
calls=16000 0x32b8 2222 
* * 720000 256000 192000 4 0 1 4 0 1
+5 * 16000 16000
+1 * 16000 16000

fn=(58) std::vector<int, std::allocator<int> >::end()
0x2cb4 1018 8000
+4 * 8000 0 8000
+1 * 8000
+3 * 8000
+4 * 8000 0 8000 1 0 0 1
+4 * 8000 8000
+9 * 8000 0 8000
+4 * 8000
+2 +1 8000 8000
+4 * 8000
+4 * 8000 0 8000
fi=(36)
+4 +40 8000 8000
+4 * 8000 8000
+3 * 8000 0 8000
+4 * 8000
fe=(6)
+1 -40 8000 8000
+4 * 8000 8000
+4 * 8000 8000
+9 * 8000
+7 * 8000 8000
+1 * 8000 8000

fn=(152)
0x2f10 1117 44
+4 * 44 0 44
+1 * 44
+3 * 44 0 44
+4 +2 44 44
+4 * 44 44
+4 * 44 44
+4 * 44 44
+3 * 44
+3 * 44
+3 * 44
+4 * 44 0 44
+4 +1 44 44
+5 +2 44 44
+4 +1 44 44
+1 * 44 44

fn=(170) std::vector<double, std::allocator<double> >::_S_nothrow_relocate(std::integral_constant<bool, true>)
0x1fca 500 11 0 0 1 0 0 1
+4 * 11 0 11
+1 * 11
+3 +5 11
+5 +1 11 11
+1 * 11 11

fn=(60) std::_Vector_base<int, std::allocator<int> >::_M_allocate(unsigned long)
0x2d54 384 8000
+4 * 8000 0 8000
+1 * 8000
+3 * 8000
+4 * 8000 0 8000
+4 * 8000 0 8000
+4 +3 8000 8000
+5 * 8000
+2 * 8000 8000
+4 * 8000 0 8000
+4 * 8000 8000
+4 * 8000 0 8000
fi=(13)
+4 614 8000 8000 0 1 0 0 1
+4 * 8000 8000
+4 * 8000
+5 * 8000
+3 * 8000
+3 * 8000 0 8000
cfi=(12)
cfn=(62)
calls=8000 0x334c 126 
* * 839609 173776 124570 45 37 1491 45 11 1487
+5 * 8000
+1 * 8000
fe=(6)
+7 388 8000 8000
+1 * 8000 8000

fn=(138)
0x1b6a 1261 100000
+4 * 100000 0 100000
+1 * 100000
+3 * 100000
+4 * 100000 0 100000
+4 * 100000 0 100000
+4 +2 100000 100000 0 1 0 0 1
+4 * 100000
+3 * 100000 0 100000
cfn=(52)
calls=100000 -79 1117 
* * 1600000 800000 300000
+5 * 100000 100000
+4 * 100000
+3 * 100000
+3 * 100000
+3 * 100000
+3 * 100000
+2 * 100000
+36 +1 100000 100000 0 1 0 0 1
+4 * 100000 100000
+3 * 100000 100000
+4 * 100000
+4 * 100000
+3 +1 100000 100000
+1 * 100000 100000

fn=(140)
0x1cb2 1416 1000 0 0 1 0 0 1
+4 * 1000 0 1000
+1 * 1000
+3 * 1000 0 1000
+1 * 1000
+4 * 1000 0 1000 1 0 0 1
+4 * 1000 0 1000
+4 +2 1000 1000
+4 * 1000 1000
+4 * 1000 1000
+4 * 1000 1000 0 0 1 0 0 1
+4 * 1000
+3 * 1000
+6 +3 989 989
+4 * 989 989
+4 * 989 989
+4 * 989 0 989
+4 * 989 0 989
+4 * 989 989
+4 * 989 0 989
+4 * 989 989
+4 * 989 0 989 1 0 0 1
fi=(37)
+4 73 989 989
+4 * 989 989
+4 * 989 0 989
+4 * 989 0 989
+4 * 989 989
+4 * 989 0 989
fi=(12)
+4 191 989 989
+4 * 989
+3 * 989
+5 * 989 0 989
cfi=(14)
cfn=(68)
calls=989 0x1a00 +17 
* * 7912 2967 2967
+5 * 989 989
+4 * 989 0 989
fi=(37)
+4 73 989 989
fi=(12)
+4 191 989 989
+4 * 989 0 989 0 0 119 0 0 117
+4 * 989
+5 * 989
+2 * 989
+13 * 989
fi=(13)
+1 680 989
fe=(6)
+1 1423 989 989
+4 * 989 989
+4 * 989
+4 * 989 989
+4 * 989 0 989
+4 +5 989
+2 -1 11 11 0 1 0 0 1
+4 * 11 11
+4 * 11
+3 * 11
+3 * 11 0 11
cfi=(10)
cfn=(142) void std::vector<double, std::allocator<double> >::_M_realloc_append<double const&>(double const&)
calls=11 0x2062 557 
* * 10099 3482 2579 56 106 129 56 7 129
+5 +1 1000
+1 * 1000 1000
+4 * 1000 1000
+1 * 1000 1000

fn=(168) std::vector<double, std::allocator<double> >::_S_use_relocate()
0x1f94 513 11 0 0 1 0 0 1
+4 * 11 0 11
+1 * 11
+3 * 11
+4 * 11 11
+9 * 11 0 11
+4 * 11
+2 +5 11 0 11
cfn=(170)
calls=11 +27 -18 
* * 66 22 11 1 0 0 1
+5 +1 11 11
+4 * 11 11
+9 * 11
+7 * 11 11
+1 * 11 11

fn=(182) std::vector<double, std::allocator<double> >::_Guard_alloc::~_Guard_alloc()
0x2aba 1880 11
+4 * 11 0 11
+1 * 11
+3 * 11
+4 * 11 0 11
+4 +2 11 11
+4 * 11 11
+3 * 11
+3 * 11
+2 +1 10 10
+4 * 10 10
+4 * 10 10
+4 * 10 10
+4 * 10 10
+4 * 10 10
+3 * 10
+3 * 10
+3 * 10 0 10
cfn=(194)
calls=10 0x1f30 392 
* * 962 286 212 13 8 0 13 2
+5 +1 11
+1 * 11 11
+1 * 11 11

fn=(18)
0x1a4a 561 1000 0 0 1 0 0 1
+4 * 1000 0 1000
+1 * 1000
+3 * 1000
+4 * 1000 0 1000
+4 * 1000 1000
+4 * 1000
+3 * 1000 0 1000
cfn=(20)
calls=1000 -55 321 
* * 41000 13000 13000 4 0 0 4
+5 * 1000
+1 * 1000 1000
+1 * 1000 1000

fn=(52)
0x1b36 1117 234000
+4 * 234000 0 234000
+1 * 234000
+3 * 234000 0 234000 1 0 0 1
+4 +2 234000 234000
+4 * 234000 234000
+4 * 234000 234000
+4 * 234000 234000
+3 * 234000
+3 * 234000
+3 * 234000
+4 * 234000 0 234000
+4 +1 234000 234000
+5 +2 234000 234000
+4 +1 234000 234000
+1 * 234000 234000

fn=(150)
0x311a 2222 22 0 0 1 0 0 1
+4 * 22 0 22
+1 * 22
+3 * 22
+4 * 22 0 22
+4 * 22 22
+9 * 22 0 22
+4 * 22
+2 +5 22 0 0 1 0 0 1
+10 * 22 0 22
+4 * 22 22
+4 * 22 0 22
+4 * 22 22
+4 * 22 0 22
+4 * 22 22
+4 * 22 0 22
fi=(12)
+4 233 22
+10 -50 22
fi=(13)
+1 712 22
fe=(6)
+1 2229 22 0 22
+4 +1 22
+4 * 22
+4 * 22
+3 * 22
+3 * 22 0 22
cfi=(11)
cfn=(50)
calls=22 0x23f0 234 
* * 308 154 66
+5 * 22 22
+3 +1 22 22
+4 * 22 22
+9 * 22
+7 * 22 22
+1 * 22 22

fn=(92)
0x1dba 392 7000
+4 * 7000 0 7000
+1 * 7000 0 0 1 0 0 1
+3 * 7000
+4 * 7000 0 7000
+4 * 7000 0 7000
+4 * 7000 0 7000
+4 +3 7000 7000
+5 * 7000
+2 +1 7000 7000
+4 * 7000 0 7000
+4 * 7000 7000
+4 * 7000 0 7000
+4 * 7000 7000
+4 * 7000 0 7000
fi=(13)
+4 649 7000 7000
+4 * 7000 7000
+4 * 7000 7000
+4 * 7000
+3 * 7000
+3 * 7000 0 7000
cfi=(12)
cfn=(94)
calls=7000 0x2b88 156 
* * 365200 98331 63279 60 66 35 60 66 35
+5 * 7000
fe=(6)
+1 397 7000
+1 * 7000 7000
+1 * 7000 7000

fl=(10)
fn=(142)
0x2062 557 11 0 0 1 0 0 1
+4 * 11 0 11
+1 * 11
+3 * 11 0 11
+1 * 11
+7 * 11 0 11
+7 * 11 0 11
+7 * 11 11 0 1 0 0 1
+9 * 11 0 11
+4 * 11
+2 +9 11
+7 * 11 11
+7 * 11
+5 * 11
+3 * 11 0 11
cfi=(6)
cfn=(144)
calls=11 0x288a 2202 
* * 2905 1100 726 10 0 0 10
+5 * 11 0 11
+7 +1 11 11
+8 +2 11 11
+7 * 11 11 0 1 0 0 1
+3 * 11 0 11
+7 +1 11 11
+7 * 11 11
+4 * 11 0 11
+7 +1 11 11
+7 * 11
+3 * 11 0 11
cfi=(6)
cfn=(154)
calls=11 0x29e0 998 
* * 220 99 55 2 0 0 2
+5 * 11 0 11
+4 * 11 11
+7 * 11
+3 * 11 0 11
cfi=(6)
cfn=(156)
calls=11 0x298e 1018 
* * 231 99 55
+5 * 11 0 11 1 0 0 1
+4 * 11
+4 * 11 0 11
fi=(36)
+4 1166 11 11
+4 1340 11 11
+3 * 11
+4 * 11 0 11
+4 1166 11 11
+4 1340 11 11
+3 * 11
+3 * 11
+3 * 11
fe=(10)
+4 571 11 0 11
+7 +1 11 11
+7 * 11 11
+7 * 11 0 0 1 0 0 1
+3 * 11
+3 * 11 0 11
cfi=(6)
cfn=(158)
calls=11 0x2a2e 384 
* * 1622 348 268 3 4 5 3 4 5
+5 * 11 0 11
+7 +1 11 11
+7 * 11 0 11
+7 +3 11 11
+7 * 11 11
+7 * 11 11
+7 * 11
+4 * 11
+3 * 11 0 11
cfi=(6)
cfn=(164)
calls=11 0x2a7c 1875 
* * 209 88 88 1 0 0 1
+5 * 11 11 0 1 0 0 1
+7 * 11 0 11
fi=(37)
+4 73 11 11
fe=(10)
+4 587 11 11
+7 * 11
+8 -1 11 11
+7 * 11
+3 * 11 0 11
fi=(39) /usr/include/c++/15/bits/ptr_traits.h
+4 211 11 11
fe=(10)
+4 586 11 11
+7 * 11 0 11
+7 * 11 0 11 1 0 0 1
+7 * 11 0 11
+7 * 11 11
+7 * 11 0 11
fi=(37)
+7 73 11 11
+7 * 11 11
+7 * 11 0 11
+7 * 11 0 11
+7 * 11 11
+7 * 11 0 11 1 0 0 1
fi=(12)
+4 191 11 11
+7 * 11
+3 * 11
+5 * 11 0 11
cfi=(14)
cfn=(68)
calls=11 0x1a00 +17 
* * 88 33 33
+5 * 11 11
+7 * 11 0 11
fi=(37)
+4 73 11 11
fi=(12)
+4 191 11 11
+4 * 11 0 11 0 0 5 0 0 5
+4 * 11
+5 * 11
+2 * 11
+13 * 11 0 0 1 0 0 1
fi=(13)
+1 680 11
fe=(10)
+1 -84 11 0 11
cfi=(6)
cfn=(168)
calls=11 0x1f94 -83 
* * 209 77 44 2 0 0 2
+5 * 11
+2 * 11
+2 +4 11 11
+7 * 11
+3 * 11 0 11
cfi=(6)
cfn=(172)
calls=11 0x1f82 307 
* * 77 33 22
+5 * 11
+3 -1 11 11
+7 * 11 11
+7 * 11 11
+7 * 11
+3 * 11 0 11
cfi=(6)
cfn=(174)
calls=11 0x2afb -65 
* * 1858 632 571 12 94 119 12 1 119
+5 * 11 0 11 1 0 0 1
+7 +2 11 0 11
+8 * 11
0x231d +37 11 11 0 1 0 0 1
+7 * 11 0 11
+4 +1 11 11
+7 * 11 11
+4 * 11 11
+7 * 11
+4 * 11 0 11 1 0 0 1
+4 +1 11
+4 * 11
+3 * 11 0 11
cfi=(6)
cfn=(182)
calls=11 0x2aba 1880 
* * 1184 390 244 13 8 0 13 2
+5 +4 11 11
+7 * 11 11
+7 * 11 0 11
+3 +1 11 11
+7 * 11 11
+7 * 11 0 11
+4 +1 11 11
+7 * 11
+8 * 11 11 0 1 0 0 1
+7 * 11
+3 * 11 11
+7 * 11 0 11
+4 +1 11
+1 * 11 11
+4 * 11 11
+9 * 11
+71 * 11 11
+4 * 11 11
+1 * 11 11

fn=(40) void std::vector<int, std::allocator<int> >::_M_realloc_append<int>(int&&)
0x24ec 557 8000 0 0 1 0 0 1
+4 * 8000 0 8000
+1 * 8000
+3 * 8000 0 8000 0 0 1 0 0 1
+1 * 8000
+7 * 8000 0 8000 1 0 1 1 0 1
+7 * 8000 0 8000
+7 * 8000 8000
+9 * 8000 0 8000
+4 * 8000
+2 +9 8000
+7 * 8000 8000
+7 * 8000
+5 * 8000
+3 * 8000 0 8000
cfi=(6)
cfn=(42)
calls=8000 0x2bb0 2202 
* * 2113000 800000 528000 15 0 4 15 0 4
+5 * 8000 0 8000
+7 +1 8000 8000 0 1 0 0 1
+8 +2 8000 8000
+7 * 8000 8000
+3 * 8000 0 8000
+7 +1 8000 8000
+7 * 8000 8000
+4 * 8000 0 8000
+7 +1 8000 8000
+7 * 8000
+3 * 8000 0 8000
cfi=(6)
cfn=(56)
calls=8000 0x2d06 998 
* * 160000 72000 40000 2 0 0 2
+5 * 8000 0 8000
+4 * 8000 8000
+7 * 8000 0 0 1 0 0 1
+3 * 8000 0 8000
cfi=(6)
cfn=(58)
calls=8000 0x2cb4 1018 
* * 168000 72000 40000 1 0 0 1
+5 * 8000 0 8000 0 0 1 0 0 1
+4 * 8000
+4 * 8000 0 8000
fi=(36)
+4 1166 8000 8000
+4 1340 8000 8000
+3 * 8000
+4 * 8000 0 8000
+4 1166 8000 8000
+4 1340 8000 8000
+3 * 8000
+3 * 8000
+3 * 8000
fe=(10)
+4 571 8000 0 8000 0 0 1 0 0 1
+7 +1 8000 8000 0 1 0 0 1
+7 * 8000 8000
+7 * 8000
+3 * 8000
+3 * 8000 0 8000
cfi=(6)
cfn=(60)
calls=8000 0x2d54 384 
* * 1015609 229776 172570 46 37 1491 46 11 1487
+5 * 8000 0 8000
+7 +1 8000 8000
+7 * 8000 0 8000
+7 +3 8000 8000
+7 * 8000 8000
+7 * 8000 8000
+7 * 8000 0 0 1 0 0 1
+4 * 8000
+3 * 8000 0 8000
cfi=(6)
cfn=(66)
calls=8000 0x2da2 1875 
* * 152000 64000 64000 1 0 0 1
+5 * 8000 8000
+7 * 8000 0 8000
fi=(37)
+4 73 8000 8000
fe=(10)
+4 587 8000 8000
+7 * 8000
+8 -1 8000 8000
+7 * 8000
+3 * 8000 0 8000
fi=(39)
+4 211 8000 8000
fe=(10)
+4 586 8000 8000 0 1 0 0 1
+7 * 8000 0 8000
+7 * 8000 0 8000
+7 * 8000 0 8000
+7 * 8000 8000
+7 * 8000 0 8000
fi=(37)
+7 73 8000 8000
+7 * 8000 8000
+7 * 8000 0 8000
+7 * 8000 0 8000
+7 * 8000 8000 0 1 0 0 1
+7 * 8000 0 8000
fi=(12)
+4 191 8000 8000
+7 * 8000
+3 * 8000
+5 * 8000 0 8000
cfi=(14)
cfn=(68)
calls=8000 0x1a00 +17 
* * 64000 24000 24000
+5 * 8000 8000
+7 * 8000 0 8000
fi=(37)
+4 73 8000 8000
fi=(12)
+4 191 8000 8000
+2 * 8000 0 8000 0 0 994 0 0 994
+2 * 8000
+5 * 8000
+2 * 8000
+13 * 8000 0 0 1 0 0 1
fi=(13)
+1 680 8000
fe=(10)
+1 -84 8000 0 8000
cfi=(6)
cfn=(72)
calls=8000 0x241f -83 
* * 152000 56000 32000 1 0 0 1
+5 * 8000
+2 * 8000
+2 +4 8000 8000
+7 * 8000
+3 * 8000 0 8000
cfi=(6)
cfn=(76)
calls=8000 0x2e58 307 
* * 56000 24000 16000 1 0 0 1
+5 * 8000
+3 -1 8000 8000
+7 * 8000 8000
+7 * 8000 8000
+7 * 8000
+3 * 8000 0 8000
cfi=(6)
cfn=(78)
calls=8000 0x2e21 -65 
* * 784000 283000 245000 12 0 3216 12 0 3216
+5 * 8000 0 8000 1 0 0 1
+7 +2 8000 0 8000
+8 * 8000
0x27a3 +37 8000 8000 0 1 0 0 1
+7 * 8000 0 8000
+4 +1 8000 8000
+7 * 8000 8000
+4 * 8000 8000
+7 * 8000 0 0 1 0 0 1
+4 * 8000 0 8000
+4 +1 8000
+4 * 8000
+3 * 8000 0 8000
cfi=(6)
cfn=(86)
calls=8000 0x2de0 1880 
* * 699200 235331 142279 61 66 35 61 66 35
+5 +4 8000 8000
+7 * 8000 8000
+7 * 8000 0 8000
+3 +1 8000 8000
+7 * 8000 8000
+7 * 8000 0 8000
+4 +1 8000 8000
+7 * 8000 0 0 1 0 0 1
+8 * 8000 8000
+7 * 8000
+3 * 8000 8000
+7 * 8000 0 8000
+4 +1 8000
+1 * 8000 8000
+4 * 8000 8000
+9 * 8000
+71 * 8000 8000 0 1 0 0 1
+4 * 8000 8000
+1 * 8000 8000

fn=(38)
0x1e0c 111 100000 0 0 1 0 0 1
+4 * 100000 0 100000
+1 * 100000
+3 * 100000 0 100000
+1 * 100000
+4 * 100000 0 100000
+4 * 100000 0 100000
+4 +3 100000 100000
+4 * 100000 100000
+4 * 100000 100000
+4 * 100000 100000
+4 * 100000
+3 * 100000
+6 * 92000 92000
+4 * 92000 0 92000 1 0 0 1
fi=(37)
+4 -41 92000 92000
fe=(10)
+4 +44 92000 92000
+4 * 92000 92000
+4 * 92000 92000
+4 * 92000 0 92000
+4 * 92000 0 92000
+4 * 92000 0 92000
+4 * 92000 92000
+4 * 92000 0 92000
fi=(37)
+4 -44 92000 92000
+4 * 92000 92000
+4 * 92000 0 92000
+4 * 92000 0 92000
+4 * 92000 92000
+4 * 92000 0 92000
fi=(12)
+4 191 92000 92000 0 1 0 0 1
+4 * 92000
+3 * 92000
+5 * 92000 0 92000
cfi=(14)
cfn=(68)
calls=92000 0x1a00 +17 
* * 736000 276000 276000
+5 * 92000 92000
+4 * 92000 0 92000
fi=(37)
+4 73 92000 92000
fi=(12)
+4 191 92000 92000
+2 * 92000 0 92000 0 0 1980 0 0 1980
+2 * 92000
+5 * 92000
+2 * 92000
+13 * 92000
fi=(13)
+1 680 92000
fe=(10)
+1 119 92000 92000
+4 * 92000 92000
+4 * 92000
+4 * 92000 92000
+4 * 92000 0 92000
+4 +8 92000
+2 * 8000 8000 0 1 0 0 1
+4 * 8000 0 8000
fi=(37)
+4 -54 8000 8000
fe=(10)
+4 +50 8000 8000
+4 * 8000
+3 * 8000
+3 * 8000 0 8000
cfn=(40)
calls=8000 0x24ec 557 
* * 6451809 2284107 1647849 154 103 5744 154 77 5740
+5 +4 100000
+1 * 100000 100000
+4 * 100000 100000
+1 * 100000 100000

fl=(11)
fn=(54)
0x2f44 258 8011 0 0 1 0 0 1
+4 * 8011 0 8011
+1 * 8011
+3 * 8011 0 8011
+4 * 8011 0 8011
+4 +5 8011 8011
+4 * 8011 8011
+3 * 8011 8011
+4 * 8011 8011
+3 * 8011
+3 * 8011
+2 +1 1001 1001
+4 * 1001
+2 +1 7010 7010
+4 +1 7010 7010
+1 * 7010 7010
-1 * 1001 1001
+1 * 1001 1001

fn=(50)
0x23f0 234 16022 0 0 1 0 0 1
+4 * 16022 0 16022
+1 * 16022
+3 * 16022 0 16022
+4 * 16022 0 16022
+4 +5 16022 16022 0 1 0 0 1
+4 * 16022 16022
+3 * 16022 16022
+4 * 16022 16022
+3 * 16022
+3 * 16022
+8 +2 16022 16022
+4 +1 16022 16022
+1 * 16022 16022

fl=(15)
fn=(180) std::enable_if<std::__is_bitwise_relocatable<double, void>::value, double*>::type std::__relocate_a_1<double, double>(double*, double*, double*, std::allocator<double>&)
0x3456 1326 11 0 0 1 0 0 1
+4 * 11 0 11
+1 * 11
+3 * 11
+4 * 11 0 11
+4 * 11 0 11
+4 * 11 0 11
+4 * 11 0 11
+4 +4 11 11
+4 * 11 11
+4 * 11
+4 * 11 0 11 1 0 0 1
+4 +1 11 11
+5 * 11
+2 +12 10 10
+4 * 10
+8 * 10 10
+4 * 10 10
+4 * 10
+3 * 10
+3 * 10
+3 * 10
+3 * 10 0 10
cob=(3)
cfi=(2)
cfn=(88)
calls=10 0x4001180 0 
* * 954 294 264 5 94 119 5 1 119
+5 +2 11 11
+4 * 11
+8 * 11 11
+4 * 11 0 0 1 0 0 1
+3 +1 11 11
+1 * 11 11

fn=(84) std::enable_if<std::__is_bitwise_relocatable<int, void>::value, int*>::type std::__relocate_a_1<int, int>(int*, int*, int*, std::allocator<int>&)
0x35c2 1326 8000 0 0 1 0 0 1
+4 * 8000 0 8000
+1 * 8000
+3 * 8000
+4 * 8000 0 8000
+4 * 8000 0 8000
+4 * 8000 0 8000
+4 * 8000 0 8000
+4 +4 8000 8000
+4 * 8000 8000
+4 * 8000
+4 * 8000 0 8000
+4 +1 8000 8000
+5 * 8000
+2 +12 7000 7000
+4 * 7000
+8 * 7000 7000
+4 * 7000 7000
+4 * 7000
+3 * 7000
+3 * 7000
+3 * 7000
+3 * 7000 0 7000
cob=(3)
cfi=(2)
cfn=(88)
calls=7000 0x4001180 0 
* * 129000 38000 22000 6 0 3216 6 0 3216
+5 +2 8000 8000 0 1 0 0 1
+4 * 8000
+8 * 8000 8000
+4 * 8000
+3 +1 8000 8000
+1 * 8000 8000

fn=(82)
0x33b6 1353 8000
+4 * 8000 0 8000
+1 * 8000
+3 * 8000 0 0 1 0 0 1
+4 * 8000 0 8000
+4 * 8000 0 8000
+4 * 8000 0 8000
+4 * 8000 0 8000
+4 * 8000 8000
+4 * 8000 0 8000
fi=(36)
+4 3011 8000 8000
+4 * 8000 8000
+4 * 8000 0 8000
+4 * 8000 8000
+4 * 8000 8000
+4 * 8000 0 8000
+4 * 8000 8000
fe=(15)
+4 1359 8000 8000
+4 * 8000
+3 * 8000 0 8000 1 0 0 1
cfn=(84)
calls=8000 0x35c2 -33 
* * 352000 115000 77000 8 0 3216 8 0 3216
+5 +3 8000 8000
+1 * 8000 8000

fn=(178)
0x3218 1353 11
+4 * 11 0 11
+1 * 11
+3 * 11
+4 * 11 0 11
+4 * 11 0 11
+4 * 11 0 11
+4 * 11 0 11
+4 * 11 11
+4 * 11 0 11
fi=(36)
+4 3011 11 11
+4 * 11 11 0 1 0 0 1
+4 * 11 0 11
+4 * 11 11
+4 * 11 11
+4 * 11 0 11
+4 * 11 11
fe=(15)
+4 1359 11 11
+4 * 11
+3 * 11 0 11
cfn=(180)
calls=11 0x3456 -33 
* * 1264 401 340 8 94 119 8 1 119
+5 +3 11 11
+1 * 11 11

totals: 29830408 10445438 6916301 270 228 7977 270 103 7971
