# callgrind format
version: 1
creator: callgrind-3.19.0
pid: 50670
cmd:  ./sensor_host_fixed
part: 1


desc: I1 cache: 16384 B, 64 B, 4-way associative
desc: D1 cache: 16384 B, 64 B, 4-way associative
desc: LL cache: 262144 B, 64 B, 8-way associative

desc: Timerange: Basic block 0 - 2754989
desc: Trigger: Program termination

positions: instr line
events: Ir Dr Dw I1mr D1mr D1mw ILmr DLmr DLmw
summary: 0


ob=(3) /usr/lib/aarch64-linux-gnu/libc.so.6
fl=(4) ./malloc/./malloc/malloc.c
fn=(90) _int_free
0x8fa84 4417 1000 0 0 1 0 0 1
+4 * 1000 0 2000
+4 * 1000
+4 * 1000 0 2000
+4 * 1000
+4 * 1000
+4 * 1000
+4 * 1000 1000 0 0 1
+4 * 1000 0 2000
+4 +10 1000 1000
+4 -10 1000 1000
+4 * 1000 0 1000
+4 * 1000
+4 +10 1000 0 2000
+4 * 1000
+4 +6 1000 0 0 1 0 0 1
+4 * 1000 0 2000
+4 * 1000
+4 * 1000
+4 +1 1000
+4 * 1000
+4 +4 1000
+4 * 1000
+4 * 1000
+4 * 1000
+4 +8 1000
+4 * 1000
+4 * 1000 1000
+4 * 1000
+4 * 1000
+4 * 1000
+4 * 1000 1000 0 1 0 0 1
+4 * 1000
+4 * 1000
+4 * 1000
+4 -1 1000
+4 +10 1000
+4 -9 1000 1000
+4 -1 1000
+4 +1 1000
+4 * 1000
+4 +9 1000
+4 -6 1000
+4 +6 1000 1000
+4 * 1000 1000
+4 +9 1000 1000
+4 -9 1000
+4 * 1000 0 0 1 0 0 1
+4 +20 1000
+4 * 1000 1000 0 0 17
+4 * 1000
+4 * 1000
0x8ff24 3175 1000 0 0 1 0 0 1
+4 +4 1000
+4 -2 1000 1000 0 0 1 0 0 1
+4 * 1000
+4 -2 1000 0 2000
+4 +3 1000 0 1000
+4 +1 1000 0 1000
+4 4478 1000 0 0 1 0 0 1
cfn=(91) _int_free'2
calls=1000 0x8fbe8 4698 
* * 14000 13000 0 2 0 0 2
0x92a9c 3388 1000 0 1000
+4 +1 1000 2000
+4 * 1000 2000
+4 * 1000 1000
+4 * 1000 2000
+4 * 1000

fn=(91)
0x8fbe8 4698 1000 0 0 1 0 0 1
+4 * 1000 1000
+4 * 1000 1000
+4 * 1000 1000
+4 * 1000
+4 * 1000
+4 * 1000 0 0 1 0 0 1
+4 * 1000 2000
+4 * 1000 2000
+4 * 1000 2000
+4 * 1000 2000
+4 * 1000 2000
+4 * 1000
+4 * 1000

fn=(10) malloc
0x92240 3281 1000 0 2000 1 0 1 1 0 1
+4 * 1000
+4 * 1000 0 2000
+4 +7 1000
+4 * 1000
+4 -7 1000 0 2000
+4 * 1000
+4 +7 1000 1000 0 0 1 0 0 1
+4 -7 1000 0 2000
+4 +7 1000
+4 1338 1000
+4 +10 1000
+4 * 1000
+4 * 1000 1000
+4 * 1000
+4 3300 1000
+4 * 1000 1000 0 1 1 0 1 1
+4 * 1000
+4 1357 1000
+4 3300 1000
+4 -2 1000
+4 * 1000
+4 * 1000
+4 +2 1000 1000 0 0 1 0 0 1
+4 -2 1000
+4 * 1000
+4 +2 1000
+4 +3 1000
+4 * 1000 1000 0 0 1 0 0 1
+4 * 1000
+4 * 1000
+4 +10 1
+4 * 1 1 0 1 1 0 1 1
+4 * 1
0x9235c +28 999 1998
+4 * 999
+4 * 999 1998
+4 * 999 1998
+4 * 999 1998
+4 * 999
+96 -37 1000 0 0 1 0 0 1
+4 * 1000
+4 +1 1000 1000 0 0 1 0 0 1
+4 * 1000
+4 3187 999
+4 * 999 999
+4 +1 999
+4 * 999
+4 +2 999 999
+4 1473 999
+4 3191 999
+4 -1 999
+4 1473 999 999 0 1 0 0 1
+4 3190 999 0 999
+4 +1 999 0 999
+4 +1 999 0 999
+4 1473 999
+60 3315 1 0 0 1 0 0 1
+4 * 1
+4 * 1
+4 * 1
cfn=(12) _int_malloc
calls=1 0x90b50 3766 
* * 154 39 15 20 4 3 20 4 3
0xa2cac 0 1
+4 0 1 1
+4 0 1 2
+4 0 1

fn=(12)
0x90b50 3766 1 0 2 1 0 1 1 0 1
+4 * 1
+4 * 1 0 2
+4 1338 1
+4 +10 1 0 2 0 0 1 0 0 1
+4 * 1
+4 * 1
+4 * 1 0 2
+4 * 1
+4 * 1
+4 * 1 0 2
+4 * 1
+4 * 1 1 0 1 0 0 1
+4 * 1
+4 +9 1
+4 * 1
+4 * 1
+4 * 1
+4 3807 1
+4 1804 1
+4 3834 1 1
+4 * 1
+4 * 1
0x90d80 +63 1 0 0 1 0 0 1
+4 * 1
0x912b4 +3 1 0 0 1 0 0 1
+4 * 1
+4 -1 1
+4 * 1 0 0 1 0 0 1
+4 * 1
cfn=(13) _int_malloc'2
calls=1 0x90f0c +1 
* * 105 25 5 13 4 1 13 4 1
0x9235c 3341 1 2 0 1 0 0 1
+4 * 1
+4 * 1 2
+4 * 1 2
+4 * 1 2
+4 * 1
0x9245c 1473 1
+4 3315 1
+4 1473 1 1
+4 * 1
+4 3316 1
+4 476 1
+4 3316 1
+4 476 1 1
+4 * 1
+4 3316 1 1 0 1 0 0 1
+4 * 1
fi=(5) ./malloc/./malloc/arena.c
+4 162 1 1
+4 * 1
fe=(4)

fn=(13)
0x90db8 3980 1
+4 * 1 1
+4 * 1 0 0 1 0 0 1
+4 -1 1
+4 -1 1
+4 +2 1
+4 -1 1
+4 +1 1 1
+4 * 1
+4 * 1
+4 * 1 1
+4 * 1
+4 * 1
+4 +10 1
+4 -6 1
+4 +6 1 1 0 0 1 0 0 1
+4 * 1
+4 * 1
0x90f0c -90 1 0 0 1 0 0 1
+4 * 1
+4 +2 1 1 0 0 1 0 0 1
+4 * 1
+4 * 1
0x91098 4409 1 0 0 1 0 0 1
+4 * 1 2
+4 * 1 2
+4 * 1
0x91138 4001 1 0 2 1 0 0 1
+4 * 1
cfn=(13)
calls=1 0x90db8 -21 
* * 98 24 3 11 3 1 11 3 1
0x911b8 4179 1 0 0 1 0 0 1
+4 * 1
+40 +73 1 0 0 1 0 0 1
+4 +1 1
+4 * 1
+4 * 1
+4 +2 1
+4 -1 1
+4 +1 1
+4 -2 1 0 0 1 0 0 1
+4 +3 1
+4 -3 1
+4 +3 1
+4 +12 1
+4 -13 1 1 0 0 1 0 0 1
+4 +6 1
+4 * 1
+4 * 1
+4 * 1
cfn=(13)
calls=1 0x91458 3854 
* * 61 19 3 7 1 1 7 1 1
0x91458 3854 1 0 0 1 0 0 1
+4 * 1
cfn=(13)
calls=1 +16 4265 
* * 59 19 3 6 1 1 6 1 1
+4 4268 3
+4 * 3 3
+4 * 3
+4 -3 4
+4 * 4
+4 * 4
+4 4365 1 1
+4 +3 1 1
+4 -2 1 1 0 1 1 0 1 1
+4 * 1
+4 +2 1
+4 * 1
+4 +3 1
+4 * 1
+4 * 1
0x91770 +5 1 0 0 1 0 0 1
+4 * 1
+4 * 1
+4 -2 1
+4 +2 1 0 0 1 0 0 1
+4 -3 1
+4 +2 1 0 1
+4 +6 1
+4 -5 1
+4 +2 1
+4 -2 1
+4 * 1 0 1
+4 +6 1
+4 -4 1 0 1 0 0 1 0 0 1
+4 +4 1
+4 +23 1
cfn=(14) alloc_perturb
calls=1 0x8e300 1999 
* * 4 1 0 1 0 0 1
+4 * 1 2
+4 * 1 2
+4 * 1 2
+4 * 1 2
+4 * 1 0 0 1 0 0 1
cfn=(13)
calls=1 0x91098 +4 
* * 4 4 0 1 0 0 1

fn=(86) free
fi=(1) /home/pi/Desktop/LAB2_RTS/./src/sensor_data_processing.cpp
0xcf0 48 1
+4 * 1
cob=(1) /home/pi/Desktop/LAB2_RTS/sensor_host_fixed
cfn=(3) generate_sensor_data()'2
calls=1 0x10d0 -33 
* * 11238948 2775241 1657366 4 34 139 2 0 124
0xdf8 -1 1
+4 * 1
fe=(4)
0x929c4 3350 1 0 0 1 0 0 1
+4 -4 1 0 2
+4 * 1
+4 * 1 0 2
+4 +9 1
+4 * 1
+4 -9 1 0 2
+4 +12 1
+4 +2 1
+4 -5 1 1
+4 -9 1 0 1
+4 +12 1
+4 * 1 1 0 0 1 0 0 1
+4 * 1 1 0 0 1 0 0 1
+4 -3 1
+4 +7 1 1 0 1 0 0 1
+4 * 1
+72 +17 1 0 0 1 0 0 1
+4 * 1 1
+4 * 1
+4 * 1 1
+4 * 1
+4 +3 1
+4 * 1 1
+4 * 1
fi=(5)
+4 162 1
+72 * 1 0 0 1 0 0 1
+4 * 1
+4 * 1
cfi=(4)
cfn=(87) free'2
calls=1 -44 3385 
* * 83 31 16 8 3 0 8 1
fe=(4)

fn=(87)
fi=(1)
0xcf0 48 998
+4 * 998
cob=(1)
cfn=(3)
calls=998 0x10d0 -33 
* * 5608240982 1384844901 827028270 998 9888 65458 998 0 61132
0xdf8 -1 999
+4 * 999
fe=(4)
0x929c4 3350 999
+4 -4 999 0 1998
+4 * 999
+4 * 999 0 1998
+4 +9 999
+4 * 999
+4 -9 999 0 1998
+4 +12 999
+4 +2 999
+4 -5 999 999
+4 -9 999 0 999
+4 +12 999
+4 * 999 999
+4 * 999 999
+4 -3 999
+4 +7 999 999
+4 * 999
+72 +17 999
+4 * 999 999
+4 * 999
+4 * 999 999
+4 * 999
+4 +3 999
+4 * 999 999
+4 * 999
fi=(5)
+4 162 999
fe=(4)
+36 3385 1000
+4 * 1000
+4 * 1000
cfn=(90)
calls=1000 0x8fa84 4417 
* * 80000 31000 16000 8 19 0 8 1
fi=(5)
+28 162 999
+4 * 999
+4 * 999
cfi=(4)
cfn=(87)
calls=999 -44 3385 
* * 82917 30969 15984 0 16
fe=(4)

fn=(14)
0x8e300 1999 1 0 0 1 0 0 1
+4 * 1 1
+4 * 1
+4 +2 1

fl=(18) ./stdlib/./stdlib/random.c
fn=(50) random
0x3f450 288 100000 0 0 1 0 0 1
+4 +3 100000
+4 -3 100000
+4 * 100000 100000 0 0 1 0 0 1
+4 * 100000 0 200000
+4 * 100000
+4 * 100000 0 200000
+4 +3 100000
+4 * 100000
+4 -3 100000 100000
+4 * 100000 0 100000
+4 * 100000
+4 +3 100000 0 0 1 0 0 1
+4 * 100000
+4 * 100000
cfi=(19) ???
cfn=(52) __aarch64_cas4_acq
calls=100000 0x137460 0 
* * 1100085 200017 100017 2 19 0 2 2
+4 * 100000
+4 +2 100000
+4 +2 100000
+4 -2 100000
+4 * 100000
+4 * 100000
cfi=(20) ./stdlib/./stdlib/random_r.c
cfn=(54) random_r
calls=100000 0x3f8d0 +64 
* * 2387100 700000 400000 3 5 0 3 5
+4 +2 100000
+4 * 100000
+4 * 100000
cfi=(19)
cfn=(56) __aarch64_swp4_rel
calls=100000 0x137740 0 
* * 900009 200003 100003 1 0 0 1
+4 * 100000
+4 * 100000
+4 +3 100000
+4 * 100000 100000
+4 -1 100000 100000 0 1 0 0 1
+4 +1 100000 100000
+4 * 100000 100000
+4 * 100000
+4 * 100000
+4 * 100000
+4 * 100000 200000
+4 * 100000 200000
+4 * 100000
+4 * 100000

fl=(17) ./stdlib/./stdlib/rand.c
fn=(48) rand
0x3f1f0 26 100000 0 200000 1 0 0 1
+4 * 100000
+4 +1 100000
cfi=(18)
cfn=(50)
calls=100000 0x3f450 288 
* * 8187194 2100020 1100020 9 25 0 9 8
+4 +1 100000 200000
+4 * 100000 0 0 1 0 0 1

fl=(20)
fn=(54)
0x3f8d0 357 100000 0 0 1 0 0 1
+4 * 100000
+4 * 100000
+4 +5 100000 100000 0 0 1 0 0 1
+4 -2 100000 100000
+4 +2 100000
+4 +13 100000 200000
+4 -3 100000 100000 0 0 1 0 0 1
+4 +3 100000 100000 0 0 1 0 0 1
+4 * 100000
+4 * 100000 100000 0 0 2 0 0 2
+4 * 100000
+4 * 100000 0 100000 1 0 0 1
+4 +2 100000
+4 * 100000 0 100000
+4 +2 100000
+4 * 100000
+4 +8 96775
+4 * 96775
+4 -27 3225
+4 +27 3225
+4 +4 3225 0 6450
+4 +2 3225
+4 +5 3225
-8 -7 3225 0 6450
+4 +2 3225
+4 +5 3225
+44 -5 93550 0 0 1 0 0 1
+4 -2 93550 0 187100
+4 * 93550
cfn=(55) random_r'2
calls=93550 -56 +2 
* * 187100

fn=(55)
0x3f928 393 93550
+4 +5 93550

fl=(19)
fn=(52)
0x137460 0 100000 0 0 1 0 0 1
+4 0 100000
+4 0 100000 100000 0 0 18 0 0 1
+4 0 100000
+12 0 100000
+4 0 100000 100000 0 0 1 0 0 1
+4 0 100000 0 0 1 0 0 1
+4 0 100000
-8 0 17 17
+4 0 17
+4 0 17
+4 0 100017 0 100017
+4 0 100017
+4 0 100000

fn=(56)
0x137740 0 100000 0 0 1 0 0 1
+4 0 100000
+4 0 100000 100000
+4 0 100000
+12 0 100000
+4 0 100000 100000
+4 0 100000 0 100000
+4 0 100000
-8 0 3 3
+4 0 3 0 3
+4 0 3
+4 0 100000

ob=(2) /usr/lib/aarch64-linux-gnu/libstdc++.so.6.0.30
fl=(3) ???
fn=(82) operator delete(void*)
0xa0ca0 0 1
cob=(5) /usr/lib/aarch64-linux-gnu/ld-linux-aarch64.so.1
cfi=(9) ./elf/../sysdeps/aarch64/dl-trampoline.S
cfn=(29) _dl_runtime_resolve'2
calls=1 0x107d4 38 
* 0 11239768 2775522 1657495 18 59 139 16 20 124
* 0 9 2 2 1 1 0 1 1

fn=(83) operator delete(void*)'2
0xa0ca0 0 999
cob=(3)
cfi=(4)
cfn=(87)
calls=999 0x929c4 3350 
* 0 5608356876 1384882863 827051253 999 9904 65458 999 0 61132
* 0 3996 999

fn=(6) operator new(unsigned long)
fi=(6) /usr/include/c++/12/bits/stl_uninitialized.h
0x10f4 1104 1000 2000
fi=(21) /usr/include/c++/12/bits/new_allocator.h
+4 137 1000
fi=(6)
+4 1104 1000
+4 +1 1000 0 0 1 0 0 1
+4 * 1000
fi=(7) /usr/include/c++/12/bits/stl_vector.h
+4 386 1000
fi=(8) /usr/include/c++/12/bits/vector.tcc
+4 98 1000
+4 +25 1000
+4 -25 1000
+4 -1 1000 0 2000
+4 +1 1000 0 1000
fi=(1)
+4 -79 1000
cob=(1)
cfn=(3)
calls=1000 +20 -7 
* * 10392861 2606255 1600122 55 83 19 55 66 17
fe=(3)
0xa2c90 -19 1000 0 2000 2 0 1 1 0 1
+4 0 1000
+4 0 1000
+4 0 1000 0 1000
+4 0 1000
+4 0 1000
+4 0 1000
cob=(3)
cfi=(4)
cfn=(10)
calls=1000 0x92240 3281 
* 0 54146 17032 11012 26 10 4 26 10 4
* 0 7996 3997 0 1 1 0 1 1

fn=(76) operator delete(void*, unsigned long)
0xa0cb0 0 1 0 0 1 0 0 1
cob=(5)
cfi=(9)
cfn=(29)
calls=1 0x107d4 38 
* 0 11240299 2775717 1657593 19 74 139 17 35 124
* 0 9 2 2 2 2 0 2 2

fn=(77) operator delete(void*, unsigned long)'2
0xa0cb0 0 999 0 0 1
cfn=(83)
calls=999 -16 0 
* 0 5608361871 1384883862 827051253 999 9904 65458 999 0 61132
* 0 3996 999

ob=(5)
fl=(10) ./elf/./elf/dl-runtime.c
fn=(30) _dl_fixup
0xe4f0 46 4 0 8 1 0 1 1 0 1
+4 * 4
+4 * 4
+4 +2 4 4 0 0 1 0 0 1
+4 -2 4 0 8 1 0 1 1 0 1
+4 * 4
fi=(14) ./elf/../sysdeps/generic/ldsodefs.h
+4 +35 4 4 0 0 1 0 0 1
fe=(10)
+4 -35 4 0 8
+4 +2 4 4 0 0 1 0 0 1
+4 * 4 4 0 0 2 0 0 1
+4 * 4
+12 +6 4 4 0 0 2 0 0 2
+4 +1 4
+4 -6 4 4
+4 +6 4 4 0 0 2 0 0 2
+4 -6 4 4
+4 +6 4
+4 * 4
+4 -6 4 0 0 1 0 0 1
+4 +9 4 4 0 0 4 0 0 4
+4 -2 4 4 0 0 1 0 0 1
+4 * 4 0 8
+4 +2 4
+4 -2 4
+4 * 4
+4 * 4
+4 * 4
+4 * 4 0 4
+4 +7 4
+4 * 4
+4 +4 4 4 0 0 3 0 0 3
+4 * 4
+4 * 4
+4 +4 4 4 0 0 2 0 0 2
+4 * 4 0 0 1 0 0 1
+4 +4 4 4 0 0 2 0 0 2
+4 * 4
+4 +1 4 4 0 0 1 0 0 1
+4 * 4
+4 -1 4 4 0 0 3 0 0 3
+4 +1 4
+4 * 4
+4 +1 4 4 0 0 4 0 0 4
+4 -8 4
+4 * 4
+4 +16 4
+4 -1 4
+4 +1 4
+4 * 4 4 0 0 1 0 0 1
+4 * 4
+4 +10 4 4 0 1 2 0 1 2
+4 * 4
+4 * 4 4
+4 * 4
+4 * 4
+4 * 4
+4 * 4
+4 * 4
cfi=(11) ./elf/./elf/dl-lookup.c
cfn=(32) _dl_lookup_symbol_x
calls=5 0x8c90 756 
* * 2112 706 290 36 74 9 36 71 9
fi=(9)
0x1081c +8 4
+4 +3 4 8
+4 +1 4 8
+4 +1 4 8
+4 +1 4 8
+4 +1 4 8
+4 +1 4 8
+4 +1 4 8
+4 +1 4 8
+4 +1 4 8 0 1 0 0 1
+4 +3 4 8
+4 +4 4
fe=(10)

fn=(31) _dl_fixup'2
0xe668 159 4 0 0 1 0 0 1
+4 * 4 4 0 0 1 0 0 1
+4 * 4
fi=(16) ./elf/../sysdeps/aarch64/dl-machine.h
+4 -14 4 0 4
fe=(10)
+4 +18 4 8
+4 * 4 8
+4 * 4 8
+4 * 4 8
+4 * 4

fl=(14)
fn=(42) do_lookup_x
0x84b0 141 4 4 0 1 0 0 1
+4 * 4
+4 +1 4
fi=(11)
+4 460 4
+4 * 4 0 0 1 0 0 1
fi=(15) ./elf/../sysdeps/generic/dl-protected.h
+4 29 4 4
+4 * 4
+4 * 4
+4 * 4
fi=(11)
+4 467 4 4
+4 * 4
+4 * 4
+4 * 4
+4 * 4
+4 * 4
+4 * 4
+4 * 4
+4 +16 4 4
+4 +1 4 0 8
+4 +1 4
+4 +21 4 8
+4 * 4 8
+4 * 4 8
+4 * 4 8
+4 * 4 8
+4 * 4 8
+4 * 4
+4 * 4
fe=(14)

fl=(9)
fn=(28) _dl_runtime_resolve
0x107d4 38 2 0 0 1 0 0 1
+4 +12 2 0 4
+4 +5 2 0 4
+4 +4 2 0 4
+4 +4 2 0 4
+4 +4 2 0 4
+4 +4 2 0 4
+4 +4 2 0 4
+4 +4 2 0 4
+4 +4 2 0 4
+4 +5 2 2
+4 +3 2 2 0 1 0 0 1
+4 +2 2
+4 +1 2
+4 +1 2
+4 +1 2
+4 +1 2
+4 +3 2
cob=(2)
cfi=(3)
cfn=(76)
calls=1 0xa0cb0 0 
* * 11240309 2775719 1657595 22 76 139 20 37 124
cob=(3)
cfi=(17)
cfn=(48)
calls=1 0x3f1f0 -74 
* * 92 24 14 11 7 0 11 7
cfi=(10)
cfn=(30)
calls=3 0xe4f0 -54 
* * 1203 430 160 40 72 11 40 71 11

fn=(29)
0x107d4 38 2
+4 +12 2 0 4
+4 +5 2 0 4
+4 +4 2 0 4
+4 +4 2 0 4
+4 +4 2 0 4
+4 +4 2 0 4
+4 +4 2 0 4
+4 +4 2 0 4
+4 +4 2 0 4
+4 +5 2 2
+4 +3 2 2
+4 +2 2
+4 +1 2
+4 +1 2
+4 +1 2
+4 +1 2
+4 +3 2
cob=(3)
cfi=(4)
cfn=(86)
calls=1 0x929c4 3350 
* * 11239064 2775279 1657389 16 39 139 14 3 124
cob=(2)
cfi=(3)
cfn=(82)
calls=1 0xa0ca0 0 
* * 11239778 2775524 1657497 19 60 139 17 21 124
cfi=(10)
cfn=(30)
calls=2 0xe4f0 -54 
* * 1189 432 166 2 34 0 2 31

fl=(11)
fn=(38) check_match
0x80f0 71 4 0 8 1 0 1 1 0 1
+4 * 4
+4 +3 4 4 0 0 3 0 0 3
+4 -3 4 0 8
+4 * 4 0 0 1 0 0 1
+4 * 4 0 8
+4 * 4
+4 * 4
+4 * 4 0 4
+4 * 4
+4 * 4 4
+4 * 4 4 0 0 1 0 0 1
+4 * 4
+4 +3 4 4
+4 * 4
+4 * 4
+4 +13 4
+4 -13 4
+4 +13 4
+4 -13 4
+4 +13 4 0 0 1 0 0 1
+4 * 4
+4 * 4
+4 +3 4
+4 * 4
+4 * 3 3
+4 * 3
+4 * 3
+4 * 3
cfi=(13) ./string/../sysdeps/aarch64/strcmp.S
cfn=(40) strcmp
calls=4 0x1c300 -26 
* * 124 14 0 5 3 0 5 3
+4 * 3
+4 +4 4 4
+4 +1 4
+4 +2 4
+4 +19 4 4 0 0 3 0 0 3
+4 +1 4
+4 * 4 4
+4 * 4 0 0 1 0 0 1
+4 * 4 4
+4 * 4
+4 * 4
+4 * 4 4 0 0 2 0 0 2
+4 * 4
+4 * 4
+20 -38 4
+4 +84 4 8
+4 * 4 8
+4 * 4 4
+4 * 4 8
+4 * 4 0 0 1 0 0 1
+80 -45 4 4 0 1 0 0 1
+4 * 4 4 0 0 1 0 0 1
+4 * 4
cfi=(13)
cfn=(40)
calls=5 0x1c300 -54 
* * 191 26 0 0 5 0 0 5
+4 * 4

fn=(32)
0x8c90 756 4 0 0 1 0 0 1
+4 * 4 0 8 0 0 1 0 0 1
+4 * 4
+4 * 4 0 8 0 0 1 0 0 1
+4 * 4
+4 * 4
+4 * 4 0 8
+4 * 4
+4 * 4
+4 * 4 0 8
+4 * 4
+4 * 4
+4 * 4 0 8 1 0 0 1
+4 * 4
+4 +6 4
+4 * 4
+4 -6 4 0 8 0 0 1 0 0 1
+4 +6 4 0 8
fi=(12) ./elf/../sysdeps/generic/dl-new-hash.h
+4 74 4 4 0 0 4 0 0 4
+4 +3 4
+4 -8 4
+4 +1 4
+4 +31 4
+4 * 4
+4 -21 4 4
+4 * 4
+4 +1 4
-8 -1 7 7
+4 * 7
+4 +1 7
+4 +21 10
+4 -28 10 10 0 1 0 0 1
+4 * 10
+4 +30 10
+4 -27 10
fe=(11)
+4 762 3 3
+4 -4 3
+4 * 3 0 3 0 0 1 0 0 1
+4 +1 3 0 6
+4 +3 3 3 0 0 1 0 0 1
+4 * 3
+4 * 3 0 3
+4 +4 3
+4 * 3
+4 +5 3 3
+4 * 3 3 0 0 1 0 0 1
+4 -2 3
+4 +6 3 0 0 1 0 0 1
+4 -7 3 0 3
+4 * 3 6
+4 * 3
+4 * 3
+4 * 3 0 3
+4 * 3
cfn=(33) _dl_lookup_symbol_x'2
calls=4 +16 +8 
* * 1339 461 155 28 54 5 28 52 5
fi=(12)
0x8ea8 87 1 0 0 1 0 0 1
+4 +2 1
+4 +1 1
cfi=(11)
cfn=(33)
calls=1 0x8d10 762 
* * 402 134 53 0 10 0 0 10
fi=(10)
0xe5e0 +5 4
+4 +4 4 4
+4 * 4
+4 +10 4 4
+4 * 4
+4 * 4 4
+4 * 4
+4 * 4
+4 * 4 0 0 1 0 0 1
+4 * 4
+4 * 4
+4 * 4 4 0 0 3 0 0 2
+4 * 4 4
+4 * 4
+4 * 4 0 4
fi=(26) ./elf/../sysdeps/aarch64/dl-irel.h
+4 -71 4
fi=(10)
+4 +86 4 4
+4 * 4
+4 * 4
+4 * 4
+4 +9 4 4
+4 * 4
+88 +29 4 4 0 1 0 0 1
+4 * 4
cfn=(31)
calls=5 -40 -3 
* * 36 36 4 1 1 0 1 1
fe=(11)

fn=(33)
0x8d10 762 1 1
+4 -4 1
+4 * 1 0 1
+4 +1 1 0 2
+4 +3 1 1
+4 * 1
+4 * 1 0 1
+4 +4 1
+4 * 1
+4 +5 1 1
+4 * 1 1
+4 -2 1
+4 +6 1
+4 -7 1 0 1
+4 * 1 2
+4 * 1
+4 * 1
+4 * 1 0 1
+4 * 1
cfn=(33)
calls=1 +16 +8 
* * 383 128 47 0 10 0 0 10
+16 +8 4 4
+4 * 4 0 4
+4 * 4 4
+4 * 4 0 4
+4 * 4 0 4
+4 * 4
+4 * 4 0 4 1 0 0 1
+4 * 4
+4 * 4
+4 * 4
+4 * 4
cfn=(36) do_lookup_x
calls=5 0x8270 348 
* * 1678 581 186 27 64 5 27 62 5

fn=(36)
0x8270 348 4 0 0 1 0 0 1
+4 * 4 0 8 0 0 1 0 0 1
+4 * 4
+4 * 4 4
+4 * 4 0 8 1 0 1 1 0 1
+4 * 4
+4 * 4 4
+4 * 4 4
+4 * 4 0 8
+4 +1 4 4
+4 -1 4 0 8
+4 * 4 0 8
+4 * 4 0 8 0 0 1 0 0 1
+4 * 4 0 4
+4 * 4 0 4
+4 * 4 0 8
+4 * 4
+4 * 4 0 4 0 0 1 0 0 1
+4 +7 4 4
+4 +41 4
+4 -30 4 0 0 1 0 0 1
+4 +33 4
+4 -25 4
+4 * 4
+4 * 4
+4 * 4
+4 * 4 0 4
+4 * 4
cfn=(37) do_lookup_x'2
calls=5 0x8350 -15 
* * 1438 481 110 22 62 1 22 60 1
0x8d94 776 4
+4 +5 4 4
+4 +23 4 4
+4 * 4
+4 -23 4
+4 +24 4
+4 * 4 4
+4 * 4
+4 * 4
+4 * 4
+4 +7 4 4
+4 -7 4 0 0 1 0 0 1
+4 +35 4 4
+4 * 4
+4 * 4
+4 * 4
+4 +34 4 4
+4 * 4
+4 -20 4 4 0 0 2 0 0 2
+4 * 4
+4 +3 4 4
+4 * 4
+4 +19 4 8
+4 * 4
+4 * 4 8
+4 * 4 8
+4 * 4 8
+4 * 4 8 0 1 0 0 1
+4 -76 4 0 4
+4 +76 4 8
+4 * 4
+4 * 4

fn=(37)
0x82e0 380 16 16 0 0 4 0 0 4
+4 * 16
+4 +8 16 16 0 0 4 0 0 4
+4 -4 16 0 16
fi=(14)
+4 81 16 16
fe=(11)
+4 388 16
+4 -3 16 0 16
+4 +3 16 16 0 0 5 0 0 4
+4 * 16 0 0 1 0 0 1

ob=(1)
fl=(1)
fn=(2) generate_sensor_data()
fi=(22) /usr/include/c++/12/bits/stl_iterator.h
0xcf8 1073 1 2
fe=(1)
+4 27 1
+4 * 1 0 0 1 0 0 1
fi=(7)
+4 988 1
fe=(1)
+4 31 1
+4 +1 1
fi=(7)
+4 988 1
+4 * 1
fe=(1)
+4 33 1 1
+4 -1 1
+4 +1 1
+4 * 1
+4 -1 1
+4 * 1
-20 +1 99 99
+4 -1 99
+4 +1 99
+4 * 99
+4 -1 99
+4 * 99
+4 +4 1
fi=(7)
+4 1278 1 2
fe=(1)
+4 36 1
+4 +14 1 0 1
fi=(7)
+4 1278 1 0 0 1 0 0 1
+4 * 1
fe=(1)
cob=(5)
cfi=(9)
cfn=(28)
calls=2 0x107d4 38 
+84 54 11240886 2775919 1657691 23 91 139 21 51 124
fe=(1)
+84 54 17 5 3
0x10d0 -39 1 0 2 1 0 1 1 0 1
fi=(21)
+4 137 1
fe=(1)
+4 15 1
+4 * 1 0 2
+4 * 1
+4 * 1 0 2
fi=(7)
+4 +85 1 0 2 0 0 1 0 0 1
+4 * 1 0 1
fi=(21)
+4 +37 1
cob=(2)
cfi=(3)
cfn=(6)
calls=1 0xa2c90 0 
* * 11288 2894 1732 83 77 23 83 77 22
* * 4 1 0 1 1 0 1 1
fe=(1)

fn=(3)
fi=(22)
0xcf8 1073 999 1998
fe=(1)
+4 27 999
+4 * 999
fi=(7)
+4 988 999
fe=(1)
+4 31 999
+4 +1 999
fi=(7)
+4 988 999
+4 * 999
fe=(1)
+4 33 999 999
+4 -1 999
+4 +1 999
+4 * 999
+4 -1 999
+4 * 999
-20 +1 98901 98901
+4 -1 98901
+4 +1 98901
+4 * 98901
+4 -1 98901
+4 * 98901
+4 +4 999
fi=(7)
+4 1278 999 1998
fe=(1)
+4 36 999
+4 +14 999 0 999
fi=(7)
+4 1278 999
+4 * 999
fe=(1)

ob=(5)
fl=(11)
fn=(37)
0x830c 389 16 16
+4 +3 16 16
+4 -3 16 16
+4 * 16
+4 +4 16
+4 +4 16 16
+4 +3 16 16
+4 -3 16
+4 +3 16
+4 -5 16 16 0 0 9 0 0 9
+4 +8 16
+4 * 16
+4 * 16
+4 * 16
+4 +99 12
+4 * 12
+4 * 12
+4 359 16 16 0 1 1 0 1 1
+4 * 16 16 0 0 4 0 0 4
+4 +3 16
+4 * 16
+4 +4 16
+16 +4 16 16 0 0 5 0 0 4
+4 * 16
+4 +4 16 16 0 0 1 0 0 1
+4 * 16
0x8520 +33 5 0 0 1 0 0 1
+4 -1 5 5
+4 * 5
+4 * 5 5 0 0 5 0 0 5
+4 +2 5
+4 +2 5 5
+4 +6 5
+4 * 5
+4 -6 5 0 10 1 0 0 1
+4 * 5
+4 * 5 0 5
+4 * 5
+4 * 5
+4 * 5
+4 * 5 0 5
+4 * 5 0 5
+4 * 5 0 5
+4 * 5
cfn=(37)
calls=6 +12 +3 
* * 1081 330 70 18 33 1 18 31 1
+4 +13 8
+4 * 8
+4 -10 12 12 0 0 6 0 0 6
+4 * 12
+4 * 12
+4 * 12
+4 +2 4 4 0 1 0 0 1
+4 +1 4 0 8
+4 * 4 4
+4 * 4 8
+4 -1 4
+4 +1 4 4
+4 * 4
+4 +1 4
+4 -1 4 0 4
+4 * 4
+4 * 4
+4 +1 4
+4 -1 4
+4 * 4
cfn=(38)
calls=5 0x80f0 71 
* * 522 115 28 11 18 1 11 18 1
+4 +4 4
0x87b4 +34 1 1 0 1 0 0 1
+4 * 1
+4 * 1
0x8a48 308 1 2 0 1 0 0 1
+4 * 1
+4 * 1 1
+4 * 1 1
+4 * 1 1
+4 * 1 1
+4 * 1
cfn=(37)
calls=1 0x87b4 454 
* * 284 89 22 1 9 0 1 7
0x8be8 177 4 8 0 1 0 0 1
+4 * 4
+4 * 4 4
+4 * 4
+4 * 4 4
+4 * 4 4
+4 * 4 4 0 1 0 0 1
+4 * 4
cfi=(14)
cfn=(42)
calls=5 0x84b0 -36 
* * 112 64 8 2 0 0 2

fl=(13)
fn=(40)
0x1c300 64 7 0 0 1 0 0 1
+4 +3 7
+4 +1 7
+4 +1 7
+4 +1 7
+4 +1 7
+4 +1 3
+44 +26 3 0 0 1 0 0 1
+4 +1 3
+4 +1 3
+4 +2 3
+4 +5 3
+4 +1 3
+4 +3 3
+4 +1 3
+4 +1 3
+12 +8 3
+4 +1 3 3 0 0 2 0 0 2
+4 +1 3 3 0 0 1 0 0 1
+4 +1 3
+4 +1 3
+4 +1 3
+4 +1 3
+4 +1 3
+4 +1 3
cfn=(41) strcmp'2
calls=4 0x1c328 -44 
* * 69 6
+4 +5 4 0 0 1 0 0 1
+4 +2 7 7 0 0 2 0 0 2
+4 +1 7 7 0 0 1 0 0 1
+4 +1 7
+4 +1 7
+4 +1 7
+4 +1 7
+4 +1 7
+4 +3 4
+4 +1 4
+4 +1 4 4
+4 +4 4 0 0 1 0 0 1
+4 +1 4
+4 +1 4
+4 +1 4
+4 +1 4
+4 +1 4
+4 +2 3
+4 * 3
+4 +5 3 3
+4 +1 3 3
+4 +4 3
+4 +1 3
+4 +1 3 3 0 0 2 0 0 2
+4 +1 3
+4 +1 3
+4 +1 3
+4 +2 3 0 0 1 0 0 1
+4 +4 3
+4 +1 3
+4 +1 3
+4 +2 1 1
+4 +1 1
+4 +1 1
+4 +1 1
+4 +5 1
+4 +1 1
+4 +1 1
cfn=(41)
calls=2 0x1c344 -95 
* * 9

fn=(41)
0x1c320 77 3 3
+4 +1 3 3
+4 +7 3
+4 +1 3
+4 +2 3
+4 +1 3
+4 +1 3
-16 -5 3
+4 +1 3
+4 +2 3
+4 +1 3
+4 +1 3
+4 +4 3
+4 +1 3
+4 +3 3
+4 +1 3
+4 +1 3
+4 +2 3
+4 +5 3
+4 +1 3
+4 +3 3
+4 +1 3
+4 +1 3
-32 -15 1
+4 +1 1
+4 +1 1
+4 +2 1
+4 +5 1
+4 +1 1
+4 +3 1
+4 +1 1
+4 +1 1

ob=(1)
fl=(1)
fn=(3)
cob=(2)
cfi=(3)
cfn=(77)
calls=999 0xa0cb0 0 
0xd98 54 5608366866 1384884861 827051253 1000 9904 65458 999 0 61132
0xd98 54 11988 3996 999
0x10d0 -39 999 0 1998
fi=(21)
+4 137 999
fe=(1)
+4 15 999
+4 * 999 0 1998
+4 * 999
+4 * 999 0 1998
fi=(7)
+4 +85 999 0 1998
+4 * 999 0 999
fi=(21)
+4 +37 999
cob=(2)
cfi=(3)
cfn=(6)
calls=999 0xa2c90 0 
* * 10462715 2626390 1615402 2 17 1 1
* * 3996 999 0 0 1
fe=(1)
+68 12 1000
cob=(3)
cfi=(17)
cfn=(48)
calls=99999 0x3f1f0 +14 
* * 8687102 2299996 1300006 0 18 0 0 1
cob=(5)
cfi=(9)
cfn=(28)
calls=1 0x107d4 +26 
* * 754 258 114 52 64 11 52 64 11
* * 1704005 306001 300002 3 1 8 3 1 6

fn=(0) main
0xcc8 46 1 0 0 1 0 0 1
+4 * 1 0 1 0 0 1 0 0 1
+4 +7 1
+4 * 1
fi=(7)
+4 1287 1
fe=(1)
+4 46 1 1
+4 +7 1
+4 -7 1
+4 +7 1
+4 * 1
+4 -5 1
+4 * 1
cfn=(2)
calls=1 0x10d0 -33 
* * 11252830 2778923 1659444 110 169 167 108 129 151

totals: 11240830 2778924 1651439 110 169 27 108 129 25
