# callgrind format
version: 1
creator: callgrind-3.19.0
pid: 8960
cmd:  ./bin/sensor_host
part: 1


desc: I1 cache: 16384 B, 64 B, 4-way associative
desc: D1 cache: 16384 B, 64 B, 4-way associative
desc: LL cache: 262144 B, 64 B, 8-way associative

desc: Timerange: Basic block 0 - 6710523
desc: Trigger: Program termination

positions: instr line
events: Ir Dr Dw I1mr D1mr D1mw ILmr DLmr DLmw
summary: 0


ob=(2) /usr/lib/aarch64-linux-gnu/libc.so.6
fl=(17) ./stdlib/./stdlib/rand.c
fn=(56) rand
0x3f1f0 26 100000 0 200000 7 0 0 1
+4 * 100000
+4 +1 100000
cfi=(18) ./stdlib/./stdlib/random.c
cfn=(58) random
calls=100000 0x3f450 288 
* * 8187282 2100042 1100042 26 123 0 10 8
+4 +1 100000 200000
+4 * 100000 0 0 7 0 0 1

fl=(18)
fn=(58)
0x3f450 288 100000 0 0 6 0 0 1
+4 +3 100000
+4 -3 100000
+4 * 100000 100000 0 0 1 0 0 1
+4 * 100000 0 200000
+4 * 100000
+4 * 100000 0 200000
+4 +3 100000
+4 * 100000
+4 -3 100000 100000
+4 * 100000 0 100000
+4 * 100000
+4 +3 100000 0 0 6 0 0 1
+4 * 100000
+4 * 100000
cfi=(19) ???
cfn=(60) __aarch64_cas4_acq
calls=100000 0x1363d0 0 
* * 1100140 200028 100028 7 117 0 2 2
+4 * 100000
+4 +2 100000
+4 +2 100000
+4 -2 100000
+4 * 100000
+4 * 100000
cfi=(20) ./stdlib/./stdlib/random_r.c
cfn=(62) random_r
calls=100000 0x3f8d0 +64 
* * 2387100 700000 400000 3 5 0 3 5
+4 +2 100000
+4 * 100000
+4 * 100000
cfi=(19)
cfn=(64) __aarch64_swp4_rel
calls=100000 0x1366b0 0 
* * 900042 200014 100014 2 0 0 2
+4 * 100000
+4 * 100000
+4 +3 100000
+4 * 100000 100000
+4 -1 100000 100000 0 2 0 0 1
+4 +1 100000 100000
+4 * 100000 100000
+4 * 100000
+4 * 100000
+4 * 100000
+4 * 100000 200000
+4 * 100000 200000
+4 * 100000
+4 * 100000

fl=(19)
fn=(60)
0x1363d0 0 100000 0 0 5 0 0 1
+4 0 100000
+4 0 100000 100000 0 0 116 0 0 1
+4 0 100000
+12 0 100000
+4 0 100000 100000 0 0 1 0 0 1
+4 0 100000
+4 0 100000
-8 0 28 28
+4 0 28
+4 0 28
+4 0 100028 0 100028
+4 0 100028
+4 0 100000 0 0 2 0 0 1

fn=(64)
0x1366b0 0 100000 0 0 1 0 0 1
+4 0 100000
+4 0 100000 100000
+4 0 100000
+12 0 100000 0 0 1 0 0 1
+4 0 100000 100000
+4 0 100000 0 100000
+4 0 100000
-8 0 14 14
+4 0 14 0 14
+4 0 14
+4 0 100000

fl=(30) ./string/../sysdeps/aarch64/multiarch/../memcpy.S
fn=(142) __GI_memmove
0x9d138 95 2001 0 0 2 0 0 1
+4 +1 1001 1001
+4 +1 1001 1001
+4 +1 1001 0 1001
+4 +1 1001 0 1001
+4 +1 1001
+4 +4 1000 0 0 1 0 0 1
+4 +1 1000 1000
+4 +1 1000 1000
+4 +1 1000 0 1000
+4 +1 1000 0 1000
+4 +1 1000
+44 +18 2002 4004 0 1 0 0 1
+4 +1 2002 4004
+4 +1 2002
+4 +1 2002
+4 +1 1001 0 2002
+4 +1 1001 0 2002
+4 +1 1001
+8 +5 1001 2002
+4 +1 1001
+4 +1 1001
+4 +1 1001 2002
+4 +1 1001 0 2002 12 0 10 1 0 2
+4 +2 1001 0 2002
+4 +1 1001 0 2002
+4 +1 1001 0 2002
+4 +1 1001
+8 +8 1005 1005 0 5 4
+4 +1 1005
+4 +1 1005
+4 +1 1005
+4 +1 1005
+4 +1 1005 2010 0 0 72
+4 +1 1005 0 1005 0 0 249 0 0 249
+4 +1 1005 2010 0 0 1
+4 +1 1005
+4 +1 1005
+4 +2 2114 0 4228 992 0 1014 1 0 1014
+4 +1 2114 4228 0 0 41
+4 +1 2114 0 4228 0 0 1078 0 0 1078
+4 +1 2114 4228 0 0 61
+4 +1 2114
+4 +1 2114
+4 +1 2114
+4 +1 2114
+4 +4 1005 2010
+4 +1 1005 0 2010 0 0 499 0 0 499
+4 +1 1005 2010
+4 +1 1005 0 2010 0 0 495 0 0 495
+4 +1 1005 0 2010
+4 +1 1005 0 2010
+4 +1 1005
+8 +6 7010 0 0 19 0 0 1
+4 +5 7010
+4 +1 7010
+4 +1 7010
+4 +1 7010
+4 +1 6005
+4 +1 6005
+4 +3 4003
+4 +1 4003
+4 +1 2002 2002
+4 +1 2002 2002
+4 +1 2002 0 2002
+4 +1 2002 0 2002
+4 +1 2002
+4 +4 1005
+4 +1 1005
+4 +1 1005 0 0 999 0 0 1
+4 +1 1005

fl=(12) ./malloc/./malloc/malloc.c
fn=(34) _int_malloc
0x90b50 3766 2014 0 4028 2 0 0 1
+4 * 2014
+4 * 2014 0 4028
+4 1338 2014
+4 +10 2014 0 4028
+4 * 2014
+4 * 2014
+4 * 2014 0 4028
+4 * 2014
+4 * 2014
+4 * 2014 0 4028
+4 * 2014
+4 * 2014 2014 0 1 0 0 1
+4 * 2014
+4 +9 2014
+4 * 2014
+4 * 2014
+4 * 1013
+4 3807 1013
+4 1804 1013
+4 3834 1013 1013
+4 * 1013
+4 * 1013
+4 +2 5
+4 * 5 0 10
+4 * 5
+4 * 5
+4 +3 5
+4 * 5 5 0 2 1 0 1 1
+4 +2 5
0x90d80 +56 1008
+4 * 1008
+4 +62 4
+4 * 4 0 8
+4 * 4
+4 * 4
+4 * 4
+4 * 2
+4 * 2
+4 * 2
+4 * 2
+4 +1 2
+4 * 2 2 0 0 2
+4 * 2
-8 * 2
+4 * 2 2 0 0 2 0 0 1
+4 * 2
+4 +20 4
+4 * 4 4
+4 * 4
+4 -1 4
+4 -1 4
+4 +2 4
+4 -1 4
+4 +1 4 4
+4 * 4
+4 * 4
+4 * 4 4
+4 * 4
+4 * 4
+4 +10 4
+4 -6 4
+4 +6 4 4
+4 * 4
+4 * 4
0x90eec 3807 1001 0 0 1 0 0 1
+4 1804 1001
+4 3834 1001 1001
+4 * 1001
+4 * 1001
0x90ff0 * 1001 0 0 1 0 0 1
+4 * 1001 0 2002
+4 * 1001
+4 * 1001
+4 * 1001
+4 1357 1001
+4 3839 1001 1001
+4 +2 1001
+4 +59 1006 0 0 1 0 0 1
+4 * 1006
+4 * 1006 2012
+4 * 1006
+4 * 1006
cfn=(35) _int_malloc'2
calls=1006 0x90f0c * 
* * 106707 25299 5272 2994 11 491 30 4 491
0x911b8 4179 4
+4 * 4
+4 +2 4 0 0 4
+4 * 4
+4 +3 4
+4 * 4 4 0 0 4 0 0 4
+4 * 4
+4 * 4
+16 +68 4
+4 +1 4
+4 * 4
+4 * 4
+4 +2 4
+4 -1 4
+4 +1 4
+4 -2 4
+4 +3 4
+4 -3 4
+4 +3 4
+4 +12 4
+4 -13 4 4
+4 +6 4
+4 * 4
+4 * 4
+4 * 4
cfn=(35)
calls=4 0x91458 3854 
* * 184 66 12 0 0 4 0 0 4
0x912b4 3900 1004 0 0 999 0 0 1
+4 * 1004
+4 -1 1004
+4 * 1004 0 0 2 0 0 1
+4 * 1004
cfn=(35)
calls=1004 0x90f0c +1 
* * 101251 24478 5312 80 55 1006 23 10 994
0x9235c 3341 2014 4028 0 1 0 0 1
+4 * 2014
+4 * 2014 4028
+4 * 2014 4028
+4 * 2014 4028
+4 * 2014
0x9245c 1473 2014
+4 3315 2014
+4 1473 2014 2014
+4 * 2014
+4 3316 2014
+4 476 2014
+4 3316 2014
+4 476 2014 2014
+4 * 2014
+4 3316 2014 2014 0 978 0 0 1
+4 * 2014
fi=(13) ./malloc/./malloc/arena.c
+4 162 2014 2014
+4 * 2014
fe=(12)

fn=(35)
0x90db8 3980 2008 0 0 1 0 0 1
+4 * 2008 2008
+4 * 2008 0 0 1 0 0 1
+4 -1 2008
+4 -1 2008
+4 +2 2008
+4 -1 2008
+4 +1 2008 2008
+4 * 2008
+4 * 2008
+4 * 2008 2008
+4 * 2008
+4 * 2008
+4 +10 2008
+4 -6 2008
+4 +6 2008 2008 0 0 1
+4 * 2008
+4 * 2008
+4 -1 38 0 0 1 0 0 1
+4 +1 38
+4 +3 38 38
+4 * 38
+4 +1 38
+4 +2 38
+4 * 38
+4 +1 38 38
+4 * 38
+4 * 38
+4 +2 38 38
+4 +1 38
+4 * 38
+4 * 38
+4 +2 38 38
+4 * 38
+4 * 38 0 0 1 0 0 1
+4 * 38
+4 -10 38 38
+4 +12 38 38
+4 * 38
+4 * 38
+4 +1 38 38
+4 * 38
+4 * 38
+4 +2 38
+4 +11 38
+4 * 38
+4 * 38
+4 +31 2 0 2
+4 +1 2 0 2
+4 +4 2
+4 * 2 0 0 1 0 0 1
+4 +29 2
+4 * 2
+4 +8 2
+4 * 2
+4 * 2
+4 * 1
+4 * 1
+4 * 1
+4 * 1
+4 +1 1
+4 * 1
+4 * 1
+4 +1 1 1 0 0 1
+4 +3 1
+4 * 1
-20 -4 1
+4 * 1
+4 * 1
+4 +1 1 1 0 0 1
+4 +3 1
+4 * 1
+80 3900 2010 0 0 1 0 0 1
+4 * 2010
+4 +2 2010 2010 0 0 12 0 0 5
+4 * 2010
+4 * 2010
+4 +2 2 2
+4 +1 2 2
+4 * 2
+4 * 2
+4 +2 2
+4 +4 2
+4 * 2
+4 -4 2 2
+4 * 2 0 0 1 0 0 1
+4 * 2 0 2
+4 +1 2 0 2
+4 +1 2 0 2
+4 +2 2
+4 * 2
+16 +7 2
+4 * 2 2
+4 * 2
+4 * 2
+4 * 2 2
+4 * 2
+4 * 2
+4 * 2 0 0 1 0 0 1
+4 -1 2
+4 +1 2 2
+4 -1 2
+4 +1 2
+4 * 2
+4 * 2
+4 +5 2 2
+4 * 2
+4 * 2 2
+4 * 2
+4 * 2
cfn=(35)
calls=2 +20 +1 
* * 30 24
+4 +1 2 2
+4 * 2
+4 * 2
+8 * 2
+4 * 2
+4 1999 2 2
+4 3940 2
+4 1999 2
+4 * 2 4
+4 4409 2
+4 * 2 4
+4 * 2 4
+4 * 2 4
+4 * 2 4
+4 * 2
0x91088 1999 16 32
+4 * 16 32
+4 * 16 32
+4 * 16 32
+4 4409 16
+4 * 16 32
+4 * 16 32
+4 * 16
-12 * 1996 0 0 1 0 0 1
+4 * 1996 3992
+4 * 1996 3992
+4 * 1996
0x91138 4001 2008 0 4016 1 0 0 1
+4 * 2008
cfn=(35)
calls=2008 0x90db8 -21 
* * 193796 47727 6562 3070 54 1497 49 9 1485
+4 +84 16
+4 +1 16
+4 * 16
+4 * 16
+4 +1 16 16 0 0 7 0 0 2
+4 +56 16
+4 * 16
+4 +9 16
+4 * 16
+4 -9 16
+4 * 16 16
+4 * 16
+4 * 16 0 16
+4 +1 16 0 32
+4 +2 16 0 16
+4 +1 16 0 16
+4 +6 16
-44 -10 2 0 0 1 0 0 1
+4 * 2
+4 +9 2
+4 * 2
+4 -9 2
+4 * 2 2
+4 * 2
+4 * 2 0 2
+4 +1 2 0 4
+4 +2 2 0 2
+4 +1 2 0 2
+4 +6 2
+40 3990 18 18
+4 * 18
+4 * 18
+4 4168 18
+4 +11 1988 0 0 1 0 0 1
+4 * 1988
+40 +73 1988 0 0 13 0 0 1
+4 +1 1988
+4 * 1988
+4 * 1988
+4 +2 1988
+4 -1 1988
+4 +1 1988
+4 -2 1988 0 0 993 0 0 1
+4 +3 1988
+4 -3 1988
+4 +3 1988
+4 +12 1988
+4 -13 1988 1988 0 0 1 0 0 1
+4 +6 1988
+4 * 1988
+4 * 1988
-8 * 16
+4 * 16
+4 * 16
+4 * 1976
cfn=(35)
calls=1976 0x91458 3854 
* * 115560 36758 6072 2033 43 1499 35 6 1487
+4 +16 168
+4 +1 168
+4 +1 168
+4 -4 200
+4 * 200
+4 +8 32 32 0 0 1
+4 +3 32 0 0 16
+4 * 32
+4 +2 16
+4 * 16
+4 * 16
+4 +1 16
+4 +1 16
+4 -2 16 0 16
+4 -27 16
cfn=(35)
calls=16 -72 * 
* * 2030 350 99 30 0 6 0 0 6
+4 -99 18 0 0 4 0 0 1
+4 * 18
+4 * 18
+4 * 18
0x91370 4019 38 38 0 1 0 0 1
+4 * 38
+4 * 38
+4 +2 36
+4 -1 36
+4 * 36
+4 +29 16 0 16
+4 +1 16 0 16
+4 +4 16
+4 * 16
+4 +29 16
+4 * 16
+12 +8 1 0 0 1 0 0 1
+4 * 1
cfn=(35)
calls=1 0x90ea8 +1 
* * 231 36 23 12 1 0 9
0x91440 +49 2 0 0 2
+4 * 2 0 4
+4 * 2
cfn=(35)
calls=2 0x91154 +3 
* * 385 71 42 14 0 0 9
+16 3854 1980 0 0 992 0 0 1
+4 * 1980
cfn=(35)
calls=1980 +16 4265 
* * 111784 36824 6084 1041 43 1503 34 6 1491
+4 4268 4933
+4 * 4933 4933
+4 * 4933
+4 -3 6909
+4 * 6909
+4 * 6909
+4 4365 1976 1976
+4 +3 1976 1976
+4 -2 1976 1976 0 992 18 0 1 1
+4 * 1976
+4 +2 1976
+4 * 1976
+4 +3 1976
+4 * 1976
+4 * 1976
+4 +17 4
+4 * 4 0 8
+4 * 4 4 0 0 4
+4 * 4
0x91544 -93 16 16 0 1 0 0 1
+4 * 16
+4 +3 16
+4 * 16
+4 +2 16
+4 +3 16
+4 * 16
cfn=(248) unlink_chunk.constprop.0
calls=16 0x8e950 1620 
* * 346 138 68 3 0 0 3
+4 +3 16
+4 * 16
+4 +15 16 16
+4 -5 16
+4 +6 16 16
+4 * 16
+4 * 16
+4 +2 16 0 32
+4 +2 16 0 16 1 0 0 1
+4 +1 16 0 16
+4 +3 16
+4 * 16
+4 +1 16 0 16
+4 +1 16
+4 * 16
+4 +2 2 0 4
+4 +3 2
+4 * 2
+4 +2 2
+4 -2 2
+4 * 2
+4 * 2
+4 * 2
+4 * 2 0 2
+4 +2 2 0 2
+4 +1 2 0 2
+4 1999 2 2
+4 4343 2
+4 1999 2
-48 4337 14
+4 * 14
+4 +2 14
+4 -2 14
+4 * 14
+4 * 14
+4 * 14
+4 * 14 0 14
+4 +2 14 0 14
+4 +1 14 0 14
+4 1999 14 14
+4 4343 14
+4 1999 14
+44 4270 4 0 0 1 0 0 1
+4 * 4 0 0 1 0 0 1
+4 * 4
+4 +1 4
+4 -1 4
+4 * 4
+4 +1 4
cfn=(35)
calls=4 0x91234 +4 
* * 478 95 40 7 1 2 5 0 2
0x91770 4376 1972 0 0 1 0 0 1
+4 * 1972
+4 * 1972
+4 -2 1972
+4 +2 1972 0 0 1 0 0 1
+4 -3 1972
+4 +2 1972 0 1972
+4 +6 1972
+4 -5 1972
+4 +2 1972
+4 -2 1972
+4 * 1972 0 1972
+4 +6 1972
+4 -4 1972 0 1972 0 0 1485 0 0 1485
+4 +4 1972
+4 +23 1972
cfn=(36) alloc_perturb
calls=1972 0x8e300 1999 
* * 7888 1972 0 1 0 0 1
* * 24
cfn=(36)
calls=24 0x8e300 1999 
* * 96 24
+4 * 1996 3992
+4 * 1996 3992
+4 * 1996 3992
+4 * 1996 3992
+4 * 1996 0 0 1 0 0 1
cfn=(35)
calls=1996 0x91098 +4 
* * 7984 7984 0 1 0 0 1
0x91890 -2 4 0 0 1 0 0 1
+4 * 4
+4 * 4
cfn=(240) sysmalloc
calls=4 0x903f0 2542 
* * 752 228 120 34 20 16 20 5 4
+32 4025 20
+4 +1 20 0 40
+4 -2 20 0 0 1 0 0 1
+4 +3 20 0 20
+4 +1 20 0 40
+4 +1 20
+4 * 20
+4 +2 12 0 24
+4 +4 12
+4 * 12
+4 +2 12
+4 -2 12
+4 +6 12
+4 -6 12
+4 +7 12
+4 * 12
+4 -7 12
+4 * 12
+4 * 12 0 12 1 0 0 1
+4 +2 12 0 12
+4 +1 12 0 12
+4 +4 12
cfn=(35)
calls=12 0x917ac 4405 
* * 168 156
-52 -7 8
+4 * 8
+4 +2 8
+4 -2 8
+4 +6 8
+4 -6 8
+4 +7 8
+4 * 8
+4 -7 8
+4 * 8
+4 * 8 0 8
+4 +2 8 0 8
+4 +1 8 0 8
+4 +4 8
cfn=(35)
calls=8 0x917ac 4405 
* * 112 104

fn=(240)
0x903f0 2542 4 0 0 4 0 0 1
+4 * 4
+4 * 4 4
+4 * 4 0 8 0 0 4
+4 * 4 0 0 4 0 0 1
+4 +20 4
+4 * 4 4
+4 -20 4 0 8 0 0 4
+4 * 4
+4 * 4 0 8
+4 * 4
+4 * 4 0 8
+4 * 4
+4 * 4 4
+4 * 4 0 4
+4 * 4
+4 +20 4 4
+4 +11 4
+4 +1 4
+4 * 4 4 0 0 4 0 0 1
+4 * 4 0 0 4 0 0 1
+4 * 4
+4 -11 4 0 4
+4 * 4 0 8
+4 * 4 0 8
+4 +37 4
+4 * 4 4
+4 +1 4 4
+4 * 4
+4 +1 4
+4 +9 4
+4 * 4
+4 * 4
+4 * 4
+4 * 4
+4 * 4
+4 * 4 0 0 4 0 0 1
+4 * 4
+4 +6 4
+4 * 4
+4 * 4
+4 +3 4
+4 * 4
+4 * 4
+4 * 4
0x90694 +61 4 0 0 1 0 0 1
+4 +8 4 4
+4 -8 4 4 0 0 4 0 0 1
+4 +9 4
+4 +13 4 4
+4 -22 4
+4 * 4
+4 +9 4
+4 * 4
+4 +13 4
+4 +8 4
+4 * 4 0 0 1 0 0 1
+4 * 4
+4 * 4
+4 * 4 0 4
+4 +8 4
+4 * 4
0x9080c +2 4 0 0 1 0 0 1
+4 * 4 0 4
+4 * 4
cfi=(34) ./malloc/./malloc/morecore.c
cfn=(242) __glibc_morecore
calls=4 0x8f970 26 
* * 176 48 32 9 8 4 7 2
+4 * 4
+4 +1 4 4
+4 * 4
+4 2022 4
+4 * 4 4
+4 * 4
+4 * 4
+4 * 4
+4 * 4
+4 2604 4
+4 * 4 0 0 1 0 0 1
cfn=(241) sysmalloc'2
calls=4 0x90728 2758 
* * 200 80 24 5 4 4 5 1 4
0x9189c 4403 4
+4 +1 4
+4 +1 4
+4 * 4
cfn=(35)
calls=4 0x917ac * 
* * 56 52

fn=(241)
0x90520 2935 4 4 0 1 4 0 1 1
+4 * 4
+4 * 4
+4 +1 4 0 4
+4 +5 4 4
+4 * 4
+4 +3 4
+4 * 4
+4 +5 4 0 0 1 0 0 1
+4 -2 4
+4 +2 4
+4 -3 4
+4 +3 4
+4 +1 4
+4 +2 4 8
+4 -3 4
+4 -1 4 0 4
+4 +1 4
+4 * 4 0 4
+4 +3 4
+4 * 4 8
+4 -2 4 0 4 0 0 4 0 0 4
+4 +8 4
+4 * 4 4
+4 * 4 4 0 1 0 0 1
+4 * 4 4
+4 * 4
+4 * 4
+4 * 4
+4 * 4 8
+4 * 4 8
+4 * 4 8
+4 * 4 8
+4 * 4
+4 * 4
0x90728 2758 4 0 0 1 0 0 1
+4 * 4 4
+4 * 4
+4 +2 4
+4 +6 4
+4 * 4
+4 -6 4 4 0 1 0 0 1
+4 * 4
+4 * 4 0 4
+4 +6 4
+4 +1 4
+4 2940 4 4
+4 2767 4
+4 * 4 0 4
+4 * 4
cfn=(241)
calls=4 0x90520 2935 
* * 140 68 16 3 4 4 3 1 4

fn=(36)
0x8e300 1999 1996 0 0 1 0 0 1
+4 * 1996 1996
+4 * 1996
+4 +2 1996

fn=(248)
0x8e950 1620 16 0 32 1 0 0 1
+4 * 16
+4 +2 16 16
+4 * 16
+4 * 16 16
+4 * 16
+4 * 16
+4 +4 16 32
+4 +2 16 16
+4 * 16
+4 * 16
+4 * 16 16
+4 * 16 0 0 1 0 0 1
+4 * 16
+4 +3 16 0 16
+4 +1 16 0 16
+4 +1 16
+4 * 16
+4 * 2 2
+4 * 2
+4 +2 2 2
+4 * 2
+4 * 2
+4 +1 2 2
+4 * 2 2
+4 * 2
+4 * 2
+4 +3 2 2
+4 * 2 0 0 1 0 0 1
+4 +14 2 0 2
+4 +1 2 0 2
+4 +3 2 4
+4 * 2
-4 * 14 28
+4 * 14

fn=(162) _int_free
0x8fa84 4417 7010 0 0 1 0 0 1
+4 * 7010 0 14020
+4 * 7010
+4 * 7010 0 14020
+4 * 7010
+4 * 7010
+4 * 7010
+4 * 7010 7010 0 0 1
+4 * 7010 0 14020
+4 +10 7010 7010
+4 -10 7010 7010
+4 * 7010 0 7010
+4 * 7010
+4 +10 7010 0 14020
+4 * 7010
+4 +6 7010 0 0 1 0 0 1
+4 * 7010 0 14020
+4 * 7010
+4 * 7010
+4 +1 7010
+4 * 7010
+4 +4 7010
+4 * 7010
+4 * 7010
+4 * 7010
+4 +8 7010
+4 * 7010
+4 * 7010 7010
+4 * 7010
+4 * 7010
+4 * 7010
+4 * 7010 7010 0 1 0 0 1
+4 * 7010
+4 * 7010
+4 * 7010
+4 -1 7010
+4 +10 7010
+4 -9 7010 7010
+4 -1 7010
+4 +1 7010
+4 * 7010
+4 +9 7008
+4 -6 7008
+4 +6 7008 7008
+4 * 7008 7008
+4 +9 7008 7008
+4 -9 7008
+4 * 7008 0 0 2 0 0 1
+4 +20 7008
+4 * 7008 7008 0 0 1
+4 * 7008
+4 * 7008
+4 1804 2
+4 4489 2 2
+4 * 2
+4 * 2
0x8fbe8 4698 2
+4 * 2 2
+4 * 2 2
+4 * 2 2
+4 * 2
+4 * 2
+4 * 2
+4 * 2 4
+4 * 2 4
+4 * 2 4
+4 * 2 4
+4 * 2 4
+4 * 2
+4 * 2
+4 4565 2
+4 +3 2
+4 * 2
+4 +3 2
+4 * 2 0 2
+4 -3 2 2 0 0 1 0 0 1
+4 * 2
+4 * 2
+4 +3 2 0 0 2 0 0 1
+4 * 2
+4 +7 2 2
+4 -4 2
+4 +4 2
+4 * 2
+4 +3 2 2
+4 * 2
+4 +5 2 2 0 0 1
+4 * 2
+4 +3 2
+4 +1 2
+4 * 2
+4 +1 2 2
+4 * 2
+4 * 2
+4 2006 2 2 0 2 0 0 1
+4 * 2
+4 4597 2 2
+4 * 2
+40 +9 2 2
+4 * 2
+4 * 2
+4 +2 2 0 0 1 0 0 1
+4 * 2 2 0 0 2
+4 +3 2
+4 +4 2 2
+4 * 2
+4 * 2 0 2
+4 +9 2 2
+4 -1 2
+4 +2 2 2
+4 * 2
+4 * 2
+4 +3 2 0 4
+4 +9 2
+4 -8 2
+4 * 2
+4 +2 2 0 4
+4 +3 2 0 2 1 0 0 1
+4 +1 2 0 2
+4 +2 2 0 2
+4 +1 2 0 2
+4 +30 2
+4 * 2
+4 * 2
0x8ff24 3175 7008 0 0 1 0 0 1
+4 +4 7008
+4 -2 7008 7008 0 0 5 0 0 5
+4 * 7008
+4 -2 7008 0 14016
+4 +3 7008 0 7008
+4 +1 7008 0 7008
+4 4478 7008 0 0 1 0 0 1
cfn=(163) _int_free'2
calls=7008 0x8fbe8 4698 
* * 98112 91104 0 3 0 0 2
0x8ffd0 4688 2 2 0 1 0 0 1
+4 * 2
0x901c8 4583 2 2 0 2 1 0 1
+4 * 2
+4 * 2
+4 -2 2
+4 * 2
0x92a9c 3388 7008 0 7008
+4 +1 7008 14016
+4 * 7008 14016
+4 * 7008 7008
+4 * 7008 14016
+4 * 7008

fn=(163)
0x8fbe8 4698 7008 0 0 1 0 0 1
+4 * 7008 7008
+4 * 7008 7008
+4 * 7008 7008
+4 * 7008
+4 * 7008
+4 * 7008 0 0 2 0 0 1
+4 * 7008 14016
+4 * 7008 14016
+4 * 7008 14016
+4 * 7008 14016
+4 * 7008 14016
+4 * 7008
+4 * 7008

fn=(32) malloc
0x92240 3281 9011 0 18022 18 0 0 1
+4 * 9011
+4 * 9011 0 18022
+4 +7 9011
+4 * 9011
+4 -7 9011 0 18022
+4 * 9011
+4 +7 9011 9011 0 0 1 0 0 1
+4 -7 9011 0 18022
+4 +7 9011
+4 1338 9011
+4 +10 9011
+4 * 9011
+4 * 9011 9011
+4 * 9011
+4 3300 9011
+4 * 9011 9011 0 988 1 0 1 1
+4 * 9011
+4 1357 9011
+4 3300 9011
+4 -2 9011
+4 * 9011
+4 * 9011
+4 +2 9011 9011 0 0 1 0 0 1
+4 -2 9011
+4 * 9011
+4 +2 9011
+4 +3 9011
+4 * 9011 9011 0 0 1 0 0 1
+4 * 9011
+4 * 9011
+4 +10 2014
+4 * 2014 2014 0 4 1 0 1 1
+4 * 2014
0x9235c +28 6997 13994
+4 * 6997
+4 * 6997 13994
+4 * 6997 13994
+4 * 6997 13994
+4 * 6997
+96 -37 9008 0 0 5 0 0 1
+4 * 9008
+4 +1 9008 9008 0 0 201 0 0 2
+4 * 9008
+4 3187 6997
+4 * 6997 6997 0 0 9 0 0 1
+4 +1 6997
+4 * 6997
+4 +2 6997 6997 0 0 23
+4 1473 6997
+4 3191 6997
+4 -1 6997
+4 1473 6997 6997 0 5 0 0 1
+4 3190 6997 0 6997
+4 +1 6997 0 6997
+4 +1 6997 0 6997
+4 1473 6997
+60 3315 2014 0 0 4 0 0 1
+4 * 2014
+4 * 2014
+4 * 2014
cfn=(34)
calls=2014 0x90b50 3766 
* * 312050 81085 32756 5066 75 1501 63 20 1489
0xa2cac 0 2014
+4 0 2014 2014
+4 0 2014 4028
+4 0 2014

fn=(158) free
fi=(16) /usr/include/c++/12/bits/new_allocator.h
0x228c 159 7000
+4 * 7000 14000
+4 * 7000
0x2590 * 10
+4 * 10 20
+4 * 10
fe=(12)
0x929c4 3350 7010 0 0 1 0 0 1
+4 -4 7010 0 14020
+4 * 7010
+4 * 7010 0 14020
+4 +9 7010
+4 * 7010
+4 -9 7010 0 14020
+4 +12 7010
+4 +2 7010
+4 -5 7010 7010
+4 -9 7010 0 7010
+4 +12 7010
+4 * 7010 7010 0 0 1 0 0 1
+4 * 7010 7010 0 0 1 0 0 1
+4 -3 7010
+4 +7 7010 7010 0 1 5 0 1
+4 * 7010
+72 +17 7010 0 0 1 0 0 1
+4 * 7010 7010
+4 * 7010
+4 * 7010 7010
+4 * 7010
+4 +3 7010
+4 * 7010 7010
+4 * 7010
fi=(13)
+4 162 7010
+72 * 7010 0 0 1 0 0 1
+4 * 7010
+4 * 7010
cfi=(12)
cfn=(159) free'2
calls=7010 -44 3385 
* * 581922 217330 112172 19 12 0 14 6
fe=(12)

fn=(159)
0x92a90 3385 7010
+4 * 7010
+4 * 7010
cfn=(162)
calls=7010 0x8fa84 4417 
* * 560880 217316 112170 19 12 0 14 6
+4 +3 2 0 2
+4 +1 2 4
+4 * 2 4
+4 * 2 2
+4 * 2 4
+4 * 2

fl=(34)
fn=(242)
0x8f970 26 4 0 0 1 0 0 1
+4 * 4 4
+4 * 4
+4 -1 4 0 8 0 0 4
+4 * 4 0 0 1 0 0 1
+4 +4 4
cfi=(35) ./misc/./misc/sbrk.c
cfn=(244) sbrk
calls=4 0xe3ad0 +8 
* * 136 36 24 7 8 0 5 2
+4 +1 4
+4 * 4
+4 +4 4 8
+4 * 4

fl=(20)
fn=(62)
0x3f8d0 357 100000 0 0 1 0 0 1
+4 * 100000
+4 * 100000
+4 +5 100000 100000 0 0 1 0 0 1
+4 -2 100000 100000
+4 +2 100000
+4 +13 100000 200000
+4 -3 100000 100000 0 0 1 0 0 1
+4 +3 100000 100000 0 0 1 0 0 1
+4 * 100000
+4 * 100000 100000 0 0 2 0 0 2
+4 * 100000
+4 * 100000 0 100000 1 0 0 1
+4 +2 100000
+4 * 100000 0 100000
+4 +2 100000
+4 * 100000
+4 +8 96775
+4 * 96775
+4 -27 3225
+4 +27 3225
+4 +4 3225 0 6450
+4 +2 3225
+4 +5 3225
-8 -7 3225 0 6450
+4 +2 3225
+4 +5 3225
+44 -5 93550 0 0 1 0 0 1
+4 -2 93550 0 187100
+4 * 93550
cfn=(63) random_r'2
calls=93550 -56 +2 
* * 187100

fn=(63)
0x3f928 393 93550
+4 +5 93550

fl=(35)
fn=(244)
0xe3ad0 37 4 0 8 1 0 0 1
+4 +6 4
+4 -6 4
+4 +6 4 4
+4 -6 4 0 4
+4 +3 4
+4 * 4 4 0 0 4 0 0 1
+4 -3 4 0 8
+4 * 4
+4 +3 4 4 0 0 4 0 0 1
+4 +3 4
+40 +15 4 0 0 1 0 0 1
+20 +4 4
+4 * 4
+4 +4 4
+4 * 4 0 0 3 0 0 1
+4 * 4
+64 +8 4 0 0 1 0 0 1
cfi=(36) ./misc/../sysdeps/unix/sysv/linux/brk.c
cfn=(246) brk
calls=4 0xe3a80 -38 
* * 40 4 4 1 0 0 1
+4 * 4
+4 +4 4 4
+4 * 4
+4 * 4 8
+4 * 4 8
+4 * 4

fl=(29) ./string/../sysdeps/aarch64/multiarch/memmove.c
fn=(140) memmove
0x967f0 41 1 0 0 1 0 0 1
+4 * 1 1
+4 +2 1 1
+4 * 1
+4 -2 1 1 0 1 0 0 1
+4 +5 1 1
+4 +2 1
+4 -2 1
+4 +7 1
+4 * 1
+4 +3 1
+4 * 1
0x96880 +3 1 0 0 1 0 0 1
+4 * 1
+4 +3 1

fl=(36)
fn=(246)
0xe3a80 36 4 0 0 1 0 0 1
fi=(37) ./misc/../sysdeps/unix/sysv/linux/brk_call.h
+4 -12 4
+4 * 4
fe=(36)
+4 +13 4
+4 * 4 4
+4 * 4 0 4
+4 +1 4
+4 * 4
+4 +6 4
+4 +1 4

ob=(1) /home/pi/Desktop/LAB2_RTS/bin/sensor_host
fl=(26) /usr/include/c++/12/new
fn=(116) operator new(unsigned long, void*)
0x13e8 175 101000 0 0 1004 0 0 1
+4 * 101000 0 101000
+4 * 101000 0 101000
+4 * 101000 101000
+4 * 101000
+4 * 101000

fl=(1) /home/pi/Desktop/LAB2_RTS/src/sensor_data_processing.cpp
fn=(52) read_sensor_value()
0x1034 11 1000 0 2000 1 0 0 1
+4 * 1000
+4 +1 1000
cob=(2)
cfi=(17)
cfn=(56)
calls=999 0x3f1f0 +14 
* * 86796 22980 12990 12
cob=(4) /usr/lib/aarch64-linux-gnu/ld-linux-aarch64.so.1
cfi=(3) ./elf/../sysdeps/aarch64/dl-trampoline.S
cfn=(9) _dl_runtime_resolve'2
calls=1 0x10744 +26 
* * 754 258 114 14 36 1 12 35 1
* * 10005 3001 2 1 1 0 1 1
+92 +7 1000 0 1000
+4 * 1000
+4 * 1000
+4 * 1000
+4 * 1000
cfi=(14) /usr/include/c++/12/bits/stl_vector.h
cfn=(66) std::vector<int, std::allocator<int> >::push_back(int&&)
calls=1000 0x14c8 1293 
* * 28648532 8764522 6438990 25217 523 7713 121 62 7681

fn=(53) read_sensor_value()'2
0x1034 11 99000 0 198000
+4 * 99000
+4 +1 99000
cob=(2)
cfi=(17)
cfn=(56)
calls=99000 0x3f1f0 +14 
* * 8600394 2277038 1287038 16 116 0 0 1
* * 990000 297000 0 0 1
+92 +7 99000 0 99000
+4 * 99000
+4 * 99000
+4 * 99000
+4 * 99000
cfi=(14)
cfn=(67) std::vector<int, std::allocator<int> >::push_back(int&&)'2
calls=99000 0x14c8 1293 
* * 1173880561 355024796 257313966 455129 28108 496916 1726 786 495392

fn=(2) generate_sensor_data()
0x1058 15 1 0 2 1 0 1 1 0 1
+4 * 1
+4 * 1 0 1 0 0 1 0 0 1
+4 +1 1
+4 * 1
cob=(4)
cfi=(3)
cfn=(8) _dl_runtime_resolve
calls=1 0x10744 +22 
* * 33093 10168 7081 219 162 38 170 146 38
* * 9 2 2 3 2 0 3 2
0x11dc +26 1 0 1 1
+4 +2 1 1
+4 * 1
cfn=(164) calculate_average(std::vector<int, std::allocator<int> >*)
calls=1 0x10d4 -19 
* * 33023195 10269674 7029193 30182 601 7971 87 16 7907

fn=(3) generate_sensor_data()'2
0x1058 15 999 0 1998
+4 * 999
+4 * 999 0 999
+4 +1 999
+4 * 999
cob=(5) /usr/lib/aarch64-linux-gnu/libstdc++.so.6.0.30
cfi=(11) ???
cfn=(28) operator new(unsigned long)
calls=999 0xa2c90 -16 
* * 28854746 8819834 6484125 29098 474 7695 39 8 7659
* * 3996 999 0 3
+40 +3 1000 1000
+4 * 1000
cfn=(52)
calls=1000 -96 -8 
* * 28754087 8790761 6455096 25245 560 7714 135 98 7682
+36 -1 1000 1000
+4 * 1000
+4 * 1000 0 0 1 0 0 1
0x11dc +24 999 0 999
+4 +2 999 999
+4 * 999
cfn=(165) calculate_average(std::vector<int, std::allocator<int> >*)'2
calls=999 0x10d4 -19 
* * 16475716226 5123773569 3506655385 14989677 282284 3964124 9378 3261 3933044

fn=(164)
0x10d4 25 1 0 2
+4 * 1
+4 * 1 0 1
+4 * 1 0 1
+4 +1 1 0 1
+4 +2 1 0 1
+4 * 1
cfn=(165)
calls=1 +52 * 
* * 4036 1415 502 3 0 0 3
0x11e8 +16 1 0 1
+4 +2 1
+4 * 1
+4 * 1
cfi=(14)
cfn=(168) std::vector<double, std::allocator<double> >::push_back(double const&)
calls=1 0x1630 1276 
* * 33019148 10268259 7028684 30179 601 7971 84 16 7907

fn=(165)
0x10d4 25 999 0 1998
+4 * 999
+4 * 999 0 999
+4 * 999 0 999
+4 +1 999 0 999
+4 +2 999 0 999
+4 * 999
cfn=(165)
calls=999 +52 * 
* * 4031964 1413585 501498 1
+4 +1 100000 100000
+4 * 100000
+4 * 100000 100000
+4 * 100000
cfi=(14)
cfn=(166) std::vector<int, std::allocator<int> >::operator[](unsigned long)
calls=100000 0x1520 1121 
* * 1000000 300000 200000 1 0 0 1
+4 * 100000 100000
+4 * 100000
+4 * 100000 100000
+4 * 100000
+4 * 100000 0 100000
+4 -1 100000 100000
+4 * 100000
+4 * 100000 0 100000
+4 * 100000 100000
+4 * 100000 100000
+4 * 100000
cfi=(14)
cfn=(96) std::vector<int, std::allocator<int> >::size() const
calls=100000 0x14f8 987 
* * 1000000 400000 100000
-8 * 1000 1000 0 2 0 0 1
+4 * 1000 1000
+4 * 1000
cfi=(14)
cfn=(96)
calls=1000 0x14f8 987 
* * 10000 4000 1000
+4 * 101000
+4 * 101000
+4 * 101000
+4 * 101000
+4 * 101000
+4 +4 1000 1000 0 1 0 0 1
+4 * 1000
cfi=(14)
cfn=(96)
calls=1000 0x14f8 987 
* * 10000 4000 1000
+4 * 1000
+4 * 1000 1000
+4 * 1000
+4 +1 1000 1000
+4 * 1000 2000
+4 * 1000
0x11e8 +11 999 0 999
+4 +2 999
+4 * 999
+4 * 999
cfi=(14)
cfn=(169) std::vector<double, std::allocator<double> >::push_back(double const&)'2
calls=999 0x1630 1276 
* * 16471673273 5122359984 3506146894 14989676 282284 3964124 9378 3261 3933044

fn=(0) main
0x11c4 40 1 0 0 1 0 0 1
+4 * 1 0 1 0 0 1 0 0 1
+4 * 1 1
+4 +1 1 0 1 0 0 1 0 0 1
+4 * 1
cfn=(1) main'2
calls=1 0x12ac * 
* * 33056309 10279846 7036280 30407 765 8011 262 164 7947

fn=(1)
0x11d8 42 1
cfn=(2)
calls=1 0x1058 -27 
* * 33056305 10279845 7036280 30406 765 8011 261 164 7947
0x12ac -1 1 1 0 1 0 0 1
+4 * 1
+4 * 1

fl=(21) /usr/include/c++/12/bits/move.h
fn=(204) double const& std::forward<double const&>(std::remove_reference<double const&>::type&)
0x1fc0 77 2011 0 0 1 0 0 1
+4 * 2011 0 2011
+4 +1 2011 2011
+4 * 2011
+4 * 2011

fn=(68) std::remove_reference<int&>::type&& std::move<int&>(int&)
0x1738 104 100000 0 0 1 0 0 1
+4 * 100000 0 100000
+4 +1 100000 100000 0 1 0 0 1
+4 * 100000
+4 * 100000

fn=(76) int&& std::forward<int>(std::remove_reference<int>::type&)
0x1c24 77 308000 0 0 1 0 0 1
+4 * 308000 0 308000
+4 +1 308000 308000
+4 * 308000
+4 * 308000

fl=(15) /usr/include/c++/12/bits/allocator.h
fn=(46) std::allocator<int>::allocator()
0x16b0 156 1000 0 2000 1 0 0 1
+4 * 1000
+4 * 1000 0 1000
+4 * 1000 1000
+4 * 1000 0 0 1 0 0 1
cfi=(16)
cfn=(48) std::__new_allocator<int>::__new_allocator()
calls=1000 0x1be0 -76 
* * 5000 0 1000 1 0 0 1
+4 * 1000
+4 * 1000 2000
+4 * 1000

fl=(14)
fn=(50) std::_Vector_base<int, std::allocator<int> >::_Vector_impl_data::_Vector_impl_data()
0x16d0 99 1000
+4 * 1000 0 1000
+4 +1 1000 1000
+4 * 1000 0 1000
+4 * 1000 1000
+4 * 1000 0 1000
+4 * 1000 1000
+4 * 1000 0 1000
+4 +1 1000
+4 * 1000
+4 * 1000

fn=(96)
0x14f8 987 134000
+4 * 134000 0 134000
+4 +1 134000 134000 0 1 0 0 1
+4 * 134000 134000
+4 * 134000 134000
+4 * 134000 134000
+4 * 134000
+4 * 134000
+4 * 134000
+4 * 134000

fn=(126) std::vector<int, std::allocator<int> >::_S_do_relocate(int*, int*, int*, std::allocator<int>&, std::integral_constant<bool, true>)
0x24a0 509 7000 14000
+4 * 7000
0x2748 -22 16000 0 32000
+4 * 16000
+4 * 16000 0 16000
+4 * 16000 0 16000
+4 * 16000 0 16000
+4 * 16000 0 16000
+4 * 16000 0 16000
+4 +3 16000 16000
+4 * 16000 16000
+4 * 16000 16000
+4 * 16000 16000
+4 * 16000
cfi=(27) /usr/include/c++/12/bits/stl_uninitialized.h
cfn=(128) int* std::__relocate_a<int*, int*, std::allocator<int> >(int*, int*, int*, std::allocator<int>&)
calls=16000 0x2a5c 1127 
* * 1147714 367246 325106 2044 83 3230 16 12 3222
+4 +1 9000 18000
+4 * 9000

fn=(40) std::vector<int, std::allocator<int> >::vector()
0x1420 526 1000 0 2000 1000 0 0 1
+4 * 1000
+4 * 1000 0 1000
+4 * 1000 1000
+4 * 1000
cfn=(42) std::_Vector_base<int, std::allocator<int> >::_Vector_base()
calls=1000 -48 312 
* * 42000 13000 14000 994 0 0 5
+4 * 1000
+4 * 1000 2000
+4 * 1000

fn=(42)
0x1400 312 1000 0 2000
+4 * 1000
+4 * 1000 0 1000
+4 * 1000 1000
+4 * 1000
cfn=(44) std::_Vector_base<int, std::allocator<int> >::_Vector_impl::_Vector_impl()
calls=1000 0x14a0 137 
* * 34000 10000 11000 994 0 0 5
+4 * 1000
+4 * 1000 2000
+4 * 1000

fn=(134) std::_Vector_base<int, std::allocator<int> >::_M_deallocate(int*, unsigned long)
0x16fc 383 8000 0 16000
+4 * 8000
+4 * 8000 0 8000
+4 * 8000 0 8000
+4 * 8000 0 8000
+4 +3 8000 8000
+4 * 8000
+4 * 8000
+4 +1 7000 7000
+4 * 7000 7000
+4 * 7000 7000
+4 * 7000
cfi=(24) /usr/include/c++/12/bits/alloc_traits.h
cfn=(146) std::allocator_traits<std::allocator<int> >::deallocate(std::allocator<int>&, int*, unsigned long)
calls=7000 0x1bf4 495 
* * 1023349 350463 231206 7042 48 0 19 37
+4 +1 1000
+4 * 1000 2000
+4 * 1000
fi=(22) /usr/include/c++/12/bits/vector.tcc
0x1ea4 515 7000 7000
+4 * 7000 7000
+4 * 7000 0 7000
+4 +1 7000 7000
+4 * 7000 7000
+4 * 7000 0 7000
+4 +1 7000 7000
+4 * 7000
+4 * 7000 7000
+4 * 7000
+4 * 7000 7000
+4 * 7000 0 7000
+4 +1 7000
cfn=(79) void std::vector<int, std::allocator<int> >::_M_realloc_insert<int>(__gnu_cxx::__normal_iterator<int*, std::vector<int, std::allocator<int> > >, int&&)'2
calls=7000 0x1f48 * 
* * 21000 28000
fe=(14)

fn=(44)
0x14a0 137 1000 0 2000 990 0 0 1
+4 * 1000
+4 * 1000 0 1000
+4 +2 1000 1000
+4 * 1000
cfi=(15)
cfn=(46)
calls=1000 0x16b0 +17 
* * 13000 3000 4000 3 0 0 3
+4 * 1000 1000
+4 * 1000
cfn=(50)
calls=1000 0x16d0 -40 
* * 11000 3000 4000
+4 +1 1000
+4 * 1000 2000 0 1 0 0 1
+4 * 1000

fn=(212) std::vector<double, std::allocator<double> >::_S_nothrow_relocate(std::integral_constant<bool, true>)
0x193c 465 22
+4 * 22 0 22
+4 +5 22
+4 +1 22
+4 * 22

fn=(214) std::_Vector_base<double, std::allocator<double> >::_M_get_Tp_allocator()
0x1884 298 22 0 0 1 0 0 1
+4 * 22 0 22
+4 +1 22 22
+4 * 22
+4 * 22

fn=(120) std::vector<int, std::allocator<int> >::_S_nothrow_relocate(std::integral_constant<bool, true>)
0x1cb0 465 16000
+4 * 16000 0 16000
+4 +5 16000
+4 +1 16000
+4 * 16000

fn=(122) std::_Vector_base<int, std::allocator<int> >::_M_get_Tp_allocator()
0x24bc 298 16000
+4 * 16000 0 16000 3 0 0 1
+4 +1 16000 16000
+4 * 16000
+4 * 16000

fn=(166)
0x1520 1121 100000
+4 * 100000 0 100000
+4 * 100000 0 100000
+4 +3 100000 100000
+4 * 100000 100000
+4 * 100000 100000
+4 * 100000
+4 * 100000
+4 +1 100000 0 0 1 0 0 1
+4 * 100000

fn=(106) std::_Vector_base<int, std::allocator<int> >::_M_allocate(unsigned long)
fi=(22)
0x1d34 453 8000 0 8000
+4 +1 8000 8000
+4 * 8000 0 8000
+4 +8 8000 8000 0 1 0 0 1
+4 +1 8000 8000
+4 * 8000
+4 -1 8000 8000
+4 * 8000
+4 * 8000 8000
+4 * 8000
cfi=(21)
cfn=(76)
calls=8000 0x1c24 77 
* * 40000 8000 8000
+4 * 8000
+4 * 8000
+4 * 8000
+4 * 8000
cfi=(24)
cfn=(112) void std::allocator_traits<std::allocator<int> >::construct<int, int>(std::allocator<int>&, int*, int&&)
calls=8000 0x1c38 +49 
* * 392000 112000 128000 1007 0 999 2 0 994
+4 +7 8000 0 8000
+4 +3 8000
cfi=(14)
cfn=(118) std::vector<int, std::allocator<int> >::_S_use_relocate()
calls=8000 0x1c98 +6 
* * 88000 16000 24000
+4 * 8000
+4 * 8000
+4 * 8000
+4 +2 8000 0 0 1 0 0 1
+4 * 8000
cfi=(23) /usr/include/c++/12/bits/stl_iterator.h
cfn=(104) __gnu_cxx::__normal_iterator<int*, std::vector<int, std::allocator<int> > >::base() const
calls=8000 0x24a8 1158 
* * 40000 8000 8000
+4 * 8000 8000
+4 +1 8000 8000
+4 * 8000
cfi=(14)
cfn=(122)
calls=8000 0x24bc 298 
* * 40000 8000 8000 3 0 0 1
+4 -1 8000
+4 * 8000 8000
+4 * 8000
+4 * 8000 8000
+4 * 8000
cfi=(14)
cfn=(124) std::vector<int, std::allocator<int> >::_S_relocate(int*, int*, int*, std::allocator<int>&)
calls=8000 0x2474 +25 
* * 3071063 1068709 845312 9086 131 3230 35 49 3222
+4 * 1000 0 1000
+4 +3 1000 1000
+4 * 1000
+4 * 1000 0 1000
+4 +2 1000
+4 * 1000
cfi=(23)
cfn=(104)
calls=1000 0x24a8 1158 
* * 5000 1000 1000
+4 * 1000 1000 0 1 0 0 1
+4 +1 1000 1000
+4 * 1000
cfi=(14)
cfn=(122)
calls=1000 0x24bc 298 
* * 5000 1000 1000
+4 -1 1000
+4 * 1000 1000
+4 * 1000 1000
+4 * 1000
+4 * 1000
cfi=(14)
cfn=(124)
calls=1000 0x2474 +20 
* * 85000 30000 31000
+4 * 1000 0 1000
+4 * 1000
cfn=(79)
calls=1000 0x1e4c +30 
* * 54000 21000 11000 4 0 0 4
fe=(14)
0x243c 375 8000 0 16000
+4 * 8000 0 0 7 0 0 1
+4 * 8000 0 8000
+4 * 8000 0 8000
+4 +3 8000 8000
+4 * 8000
+4 * 8000
+4 * 8000 8000
+4 * 8000 8000
+4 * 8000
cfi=(24)
cfn=(108) std::allocator_traits<std::allocator<int> >::allocate(std::allocator<int>&, unsigned long)
calls=8000 0x2720 +85 
* * 1199075 324775 218640 11057 275 1495 47 12 1483

fn=(107) std::_Vector_base<int, std::allocator<int> >::_M_allocate(unsigned long)'2
0x246c 379 8000 16000
+4 * 8000

fn=(100) std::vector<int, std::allocator<int> >::begin()
0x23d8 868 8000 0 16000
+4 * 8000
+4 * 8000 0 8000
+4 +1 8000 8000
+4 * 8000
+4 * 8000
cfi=(23)
cfn=(74) __gnu_cxx::__normal_iterator<int*, std::vector<int, std::allocator<int> > >::__normal_iterator(int* const&)
calls=8000 0x22e4 1072 
* * 80000 24000 24000
+4 * 8000 8000
+4 * 8000 16000
+4 * 8000

fn=(176) std::vector<double, std::allocator<double> >::_M_check_len(unsigned long, char const*) const
fi=(22)
0x197c 449 1 0 1
+4 +1 1 1 0 1 0 0 1
+4 * 1 1
+4 * 1 0 1
+4 +1 1 1
+4 * 1 1
+4 * 1 0 1
+4 +1 1 1
+4 * 1
cfi=(14)
cfn=(192) std::vector<double, std::allocator<double> >::begin()
calls=1 0x2114 868 
* * 19 7 6
+4 * 1 0 1
+4 * 1
+4 * 1
+4 * 1
cfi=(23)
cfn=(194) __gnu_cxx::__normal_iterator<double*, std::vector<double, std::allocator<double> > >::difference_type __gnu_cxx::operator-<double*, std::vector<double, std::allocator<double> > >(__gnu_cxx::__normal_iterator<double*, std::vector<double, std::allocator<double> > > const&, __gnu_cxx::__normal_iterator<double*, std::vector<double, std::allocator<double> > > const&)
calls=1 0x2138 1330 
* * 26 9 7 2 0 0 2
+4 * 1 0 1
+4 +1 1 1
+4 * 1 1
+4 * 1
cfi=(14)
cfn=(198) std::_Vector_base<double, std::allocator<double> >::_M_allocate(unsigned long)
calls=1 0x2178 -78 
* * 478 152 131 18 0 0 17
fe=(14)
0x2048 1891 11 0 22
+4 * 11
+4 * 11 0 11
+4 * 11 0 11
+4 * 11 0 11
+4 * 11 0 11
+4 +2 11 11
+4 * 11
cfn=(178) std::vector<double, std::allocator<double> >::max_size() const
calls=11 0x25b4 993 
* * 638 209 198 5 0 0 5
+4 * 11
+4 * 11 11
+4 * 11
cfn=(190) std::vector<double, std::allocator<double> >::size() const
calls=11 0x25d4 987 
* * 110 44 11
+4 * 11
+4 * 11 11
+4 * 11
+4 * 11 0 0 1 0 0 1
+4 * 11
+4 * 11
+4 * 11
+12 +3 11 11
+4 * 11
cfn=(190)
calls=11 0x25d4 987 
* * 110 44 11
+4 * 11
+4 * 11 11
+4 * 11
cfn=(190)
calls=11 0x25d4 987 
* * 110 44 11
+4 * 11 0 11
+4 * 11
+4 * 11
+4 * 11
cfi=(25) /usr/include/c++/12/bits/stl_algobase.h
cfn=(98) unsigned long const& std::max<unsigned long>(unsigned long const&, unsigned long const&)
calls=11 0x25fc 254 
* * 220 87 42 2 0 0 2
+4 * 10 10
+4 * 10
+4 * 10 0 10
+4 +1 10 10
+4 * 10
cfn=(190)
calls=10 0x25d4 987 
* * 100 40 10
+4 * 10
+4 * 10 10
+4 * 10
+4 * 10
+4 * 10 10
+4 * 10
cfn=(178)
calls=10 0x25b4 993 
* * 580 190 180
+4 * 10
+4 * 10 10
+4 * 10
+4 * 10
+16 * 10 10 0 1
+4 +1 10 10
+4 * 10 20
+4 * 10

fn=(210) std::vector<double, std::allocator<double> >::_S_use_relocate()
0x1924 478 22 0 44
+4 * 22
+4 +5 22
cfn=(212)
calls=22 +16 -18 
* * 110 0 22
+4 * 22
+4 +1 22 44
+4 * 22

fn=(218) std::vector<double, std::allocator<double> >::_S_do_relocate(double*, double*, double*, std::allocator<double>&, std::integral_constant<bool, true>)
0x21dc 509 10 20
+4 * 10
0x265c -22 22 0 44
+4 * 22
+4 * 22 0 22
+4 * 22 0 22
+4 * 22 0 22
+4 * 22 0 22
+4 * 22 0 22
+4 +3 22 22
+4 * 22 22
+4 * 22 22 0 1 0 0 1
+4 * 22 22
+4 * 22
cfi=(27)
cfn=(220) double* std::__relocate_a<double*, double*, std::allocator<double> >(double*, double*, double*, std::allocator<double>&)
calls=22 0x28d4 1127 
* * 2515 975 915 9 111 121 3 0 121
+4 +1 12 24
+4 * 12

fn=(180) std::_Vector_base<double, std::allocator<double> >::_M_get_Tp_allocator() const
0x284c 303 22 0 0 1 0 0 1
+4 * 22 0 22
+4 +1 22 22
+4 * 22
+4 * 22

fn=(182) std::vector<double, std::allocator<double> >::_S_max_size(std::allocator<double> const&)
0x2814 1911 22 0 44 1 0 0 1
+4 * 22
+4 * 22 0 22
+4 +5 22
+4 * 22 0 22
+4 +2 22 22
+4 * 22
cfi=(24)
cfn=(184) std::allocator_traits<std::allocator<double> >::max_size(std::allocator<double> const&)
calls=22 0x2b3c 547 
* * 418 132 154 2 0 0 2
+4 * 22 0 22
+4 +1 22
+4 * 22
+4 * 22
cfi=(25)
cfn=(94) unsigned long const& std::min<unsigned long>(unsigned long const&, unsigned long const&)
calls=22 0x2b58 230 
* * 264 110 44
+4 * 22 22
+4 +1 22 44
+4 * 22

fn=(190)
0x25d4 987 44
+4 * 44 0 44
+4 +1 44 44
+4 * 44 44
+4 * 44 44
+4 * 44 44
+4 * 44
+4 * 44
+4 * 44
+4 * 44

fn=(192)
0x2114 868 11 0 22
+4 * 11
+4 * 11 0 11
+4 +1 11 11
+4 * 11
+4 * 11
cfi=(23)
cfn=(172) __gnu_cxx::__normal_iterator<double*, std::vector<double, std::allocator<double> > >::__normal_iterator(double* const&)
calls=11 0x2020 1072 
* * 110 33 33
+4 * 11 11
+4 * 11 22
+4 * 11

fn=(72) std::vector<int, std::allocator<int> >::end()
0x1c70 888 8000 0 16000 1 0 0 1
+4 * 8000
+4 * 8000 0 8000
+4 +1 8000 8000
+4 * 8000 0 0 1000 0 0 1
+4 * 8000
+4 * 8000
cfi=(23)
cfn=(74)
calls=8000 0x22e4 1072 
* * 80000 24000 24000 2 0 0 2
+4 * 8000 8000
+4 * 8000 16000
+4 * 8000

fn=(170) std::vector<double, std::allocator<double> >::end()
0x18fc 888 11 0 22 1 0 0 1
+4 * 11 0 0 1 0 0 1
+4 * 11 0 11
+4 +1 11 11
+4 * 11
+4 * 11
+4 * 11
cfi=(23)
cfn=(172)
calls=11 0x2020 1072 
* * 110 33 33 2 0 0 2
+4 * 11 11
+4 * 11 22
+4 * 11

fn=(66)
fi=(1)
0x1090 19 1000 1000
+4 * 1000
cfn=(53)
calls=1000 -96 -8 
* * 27808238 8488458 6213962 20141 514 7712 74 62 7680
+24 -1 1000 1000
+4 * 1000
+4 * 1000 0 1000
+4 * 1000 1000
+4 * 1000
+4 * 1000
fe=(14)
0x14c8 1293 1000 0 2000
+4 * 1000
+4 * 1000 0 1000
+4 * 1000 0 1000
+4 +1 1000 1000
+4 * 1000
cfi=(21)
cfn=(68)
calls=1000 0x1738 104 
* * 5000 1000 1000 2 0 0 2
+4 * 1000
+4 * 1000 1000
+4 * 1000
cfi=(22)
cfn=(70) void std::vector<int, std::allocator<int> >::emplace_back<int>(int&&)
calls=1000 0x174c 111 
* * 818294 270064 219028 5074 9 1 45 0 1

fn=(67)
fi=(1)
0x1090 19 98000 98000
+4 * 98000
cfn=(53)
calls=98000 -96 -8 
* * 1156454717 349110376 252684042 435004 27711 489204 1652 725 487712
+24 -1 99000 99000
+4 * 99000
+4 * 99000 0 99000
+4 * 99000 99000
+4 * 99000
+4 * 99000
+4 +4 1000 1000
+4 +1 1000 1000
+4 * 1000 2000
+4 * 1000
fe=(14)
0x14c8 1293 99000 0 198000
+4 * 99000
+4 * 99000 0 99000
+4 * 99000 0 99000
+4 +1 99000 99000
+4 * 99000
cfi=(21)
cfn=(68)
calls=99000 0x1738 104 
* * 495000 99000 99000
+4 * 99000
+4 * 99000 99000
+4 * 99000
cfi=(22)
cfn=(70)
calls=99000 0x174c 111 
* * 15245844 5317420 4035924 20125 397 7712 74 61 7680

fn=(80) std::vector<int, std::allocator<int> >::_M_check_len(unsigned long, char const*) const
fi=(22)
0x1cf0 449 1000 0 1000
+4 +1 1000 1000
+4 * 1000 1000
+4 * 1000 0 1000
+4 +1 1000 1000 0 1 0 0 1
+4 * 1000 1000
+4 * 1000 0 1000
+4 +1 1000 1000
+4 * 1000
cfi=(14)
cfn=(100)
calls=1000 0x23d8 868 
* * 19000 7000 6000
+4 * 1000 0 1000
+4 * 1000
+4 * 1000
+4 * 1000
cfi=(23)
cfn=(102) __gnu_cxx::__normal_iterator<int*, std::vector<int, std::allocator<int> > >::difference_type __gnu_cxx::operator-<int*, std::vector<int, std::allocator<int> > >(__gnu_cxx::__normal_iterator<int*, std::vector<int, std::allocator<int> > > const&, __gnu_cxx::__normal_iterator<int*, std::vector<int, std::allocator<int> > > const&)
calls=1000 0x23fc 1330 
* * 26000 9000 7000 1007 0 0 2
+4 * 1000 0 1000
+4 +1 1000 1000
+4 * 1000 1000
+4 * 1000
cfi=(14)
cfn=(106)
calls=1000 0x243c -78 
* * 478294 152064 131028 1043 9 1 19 0 1
fe=(14)
0x230c 1891 8000 0 16000
+4 * 8000
+4 * 8000 0 8000
+4 * 8000 0 8000
+4 * 8000 0 8000
+4 * 8000 0 8000
+4 +2 8000 8000
+4 * 8000
cfn=(82) std::vector<int, std::allocator<int> >::max_size() const
calls=8000 0x2700 993 
* * 464000 152000 144000 1012 0 0 9
+4 * 8000
+4 * 8000 8000
+4 * 8000
cfn=(96)
calls=8000 0x14f8 987 
* * 80000 32000 8000 1 0 0 1
+4 * 8000
+4 * 8000 8000
+4 * 8000 0 0 1 0 0 1
+4 * 8000
+4 * 8000
+4 * 8000
+4 * 8000
+12 +3 8000 8000
+4 * 8000
cfn=(96)
calls=8000 0x14f8 987 
* * 80000 32000 8000
+4 * 8000
+4 * 8000 8000
+4 * 8000
cfn=(96)
calls=8000 0x14f8 987 
* * 80000 32000 8000
+4 * 8000 0 8000
+4 * 8000
+4 * 8000
+4 * 8000
cfi=(25)
cfn=(98)
calls=8000 0x25fc 254 
* * 184000 72000 36000 1003 0 0 4
+4 * 7000 7000
+4 * 7000
+4 * 7000 0 7000
+4 +1 7000 7000
+4 * 7000
cfn=(96)
calls=7000 0x14f8 987 
* * 70000 28000 7000
+4 * 7000
+4 * 7000 7000
+4 * 7000
+4 * 7000
+4 * 7000 7000
+4 * 7000
cfn=(82)
calls=7000 0x2700 993 
* * 406000 133000 126000
+4 * 7000
+4 * 7000 7000
+4 * 7000
+4 * 7000
+16 * 7000 7000
+4 +1 7000 7000
+4 * 7000 14000
+4 * 7000

fn=(226) std::_Vector_base<double, std::allocator<double> >::_M_deallocate(double*, unsigned long)
0x1848 383 11 0 22 1 0 0 1
+4 * 11
+4 * 11 0 11
+4 * 11 0 11
+4 * 11 0 11
+4 +3 11 11
+4 * 11
+4 * 11
+4 +1 10 10
+4 * 10 10
+4 * 10 10
+4 * 10
cfi=(24)
cfn=(236) std::allocator_traits<std::allocator<double> >::deallocate(std::allocator<double>&, double*, unsigned long)
calls=10 0x1f68 495 
* * 1552 520 342 11 8 0 8 3
+4 +1 1
+4 * 1 2
+4 * 1
fi=(22)
0x1b30 515 10 10
+4 * 10 10
+4 * 10 0 10
+4 +1 10 10
+4 * 10 10 0 3
+4 * 10 0 10
+4 +1 10 10
+4 * 10
+4 * 10 10
+4 * 10
+4 * 10 10
+4 * 10 0 10
+4 +1 10
cfn=(175) void std::vector<double, std::allocator<double> >::_M_realloc_insert<double const&>(__gnu_cxx::__normal_iterator<double*, std::vector<double, std::allocator<double> > >, double const&)'2
calls=10 0x1bd4 * 
* * 30 40
fe=(14)

fn=(168)
fi=(1)
cfi=(1)
cfn=(3)
calls=1 0x1058 15 
0x124c 48 33018320 10267992 7028460 30142 601 7970 48 16 7906
fi=(1)
0x124c 48 10 2 2
fe=(14)
0x1630 1276 1 0 2 1 0 0 1
+4 * 1
+4 * 1 0 1
+4 * 1 0 1
+4 +2 1 1 0 1 0 0 1
+4 * 1 1
+4 * 1 1
+4 * 1 1
+4 * 1
+4 * 1
+56 +9 1 1
+4 * 1
cfn=(170)
calls=1 0x18fc 888 
* * 20 7 6 4 0 0 4
+4 * 1 1
+4 * 1
+4 * 1 1
+4 * 1
cfi=(22)
cfn=(174) void std::vector<double, std::allocator<double> >::_M_realloc_insert<double const&>(__gnu_cxx::__normal_iterator<double*, std::vector<double, std::allocator<double> > >, double const&)
calls=1 0x1950 439 
* * 769 251 206 30 0 0 29

fn=(169)
fi=(1)
cfi=(1)
cfn=(3)
calls=998 0x1058 15 
0x124c 48 16471564640 5122327409 3506115046 14988636 282157 3963849 9369 3253 3932797
fi=(1)
0x124c 48 10002 1998 2004 1 0 0 1
fe=(14)
0x1630 1276 999 0 1998
+4 * 999
+4 * 999 0 999
+4 * 999 0 999
+4 +2 999 999
+4 * 999 999
+4 * 999 999
+4 * 999 999
+4 * 999
+4 * 999
+4 +3 989 989
+4 * 989 989
+4 * 989 989
+4 * 989 989
+4 * 989
+4 * 989
+4 * 989
cfi=(24)
cfn=(206) void std::allocator_traits<std::allocator<double> >::construct<double, double const&>(std::allocator<double>&, double*, double const&)
calls=989 0x18c4 511 
* * 48461 13846 15824 0 0 144 0 0 116
+4 +2 989 989
+4 * 989 989
+4 * 989
+4 * 989 989
+4 * 989 0 989
+4 +5 989
cfn=(169)
calls=989 +28 * 
* * 2967 1978
+4 -1 10 10
+4 * 10
cfn=(170)
calls=10 0x18fc 888 
* * 200 70 60
+4 * 10 10
+4 * 10
+4 * 10 10
+4 * 10
cfi=(22)
cfn=(174)
calls=10 0x1950 439 
* * 11109 3734 2981 46 127 131 8 8 131
+4 +1 989
+4 * 989 1978
+4 * 989

fn=(178)
0x25b4 993 22 0 44 1 0 0 1
+4 * 22
+4 * 22 0 22
+4 +1 22 22
+4 * 22
cfn=(180)
calls=22 0x284c 303 
* * 110 22 22 1 0 0 1
+4 * 22
cfn=(182)
calls=22 0x2814 1911 
* * 990 330 308 3 0 0 3
+4 * 22 44
+4 * 22

fn=(216) std::vector<double, std::allocator<double> >::_S_relocate(double*, double*, double*, std::allocator<double>&)
fi=(22)
0x1a34 474 10 0 10
+4 +3 10 10
+4 * 10
+4 * 10 0 10
+4 +2 10
+4 * 10
cfi=(23)
cfn=(196) __gnu_cxx::__normal_iterator<double*, std::vector<double, std::allocator<double> > >::base() const
calls=10 0x21e4 1158 
* * 50 10 10
+4 * 10 10
+4 +1 10 10
+4 * 10
cfi=(14)
cfn=(214)
calls=10 0x1884 298 
* * 50 10 10
+4 -1 10
+4 * 10 10
+4 * 10 10
+4 * 10
+4 * 10
cfi=(14)
cfn=(217) std::vector<double, std::allocator<double> >::_S_relocate(double*, double*, double*, std::allocator<double>&)'2
calls=10 0x21b0 +20 
* * 850 300 310
+4 * 10 0 10
+4 * 10
cfn=(175)
calls=10 0x1ad8 +30 
* * 2102 740 452 14 8 0 8 3
fe=(14)
0x21b0 +20 12 0 24
+4 * 12
+4 * 12 0 12
+4 * 12 0 12
+4 * 12 0 12
+4 * 12 0 12
+4 +8 12 12
+4 * 12 12
+4 * 12 12
+4 * 12 12
+4 * 12
cfn=(218)
calls=12 0x265c -20 
* * 2103 867 819 10 111 121 4 0 121
+4 +2 2 4
+4 * 2

fn=(217)
0x21b0 499 10 0 20
+4 * 10
+4 * 10 0 10
+4 * 10 0 10
+4 * 10 0 10
+4 * 10 0 10
+4 +8 10 10
+4 * 10 10
+4 * 10 10
+4 * 10 10
+4 * 10
cfn=(218)
calls=10 0x265c -20 
* * 720 240 250
+4 +2 10 20
+4 * 10

fn=(84) std::_Vector_base<int, std::allocator<int> >::_M_get_Tp_allocator() const
0x29d4 303 16000 0 0 1 0 0 1
+4 * 16000 0 16000
+4 +1 16000 16000
+4 * 16000
+4 * 16000

fn=(86) std::vector<int, std::allocator<int> >::_S_max_size(std::allocator<int> const&)
0x299c 1911 16000 0 32000 1 0 0 1
+4 * 16000
+4 * 16000 0 16000
+4 +5 16000
+4 * 16000 0 16000
+4 +2 16000 16000
+4 * 16000
cfi=(24)
cfn=(88) std::allocator_traits<std::allocator<int> >::max_size(std::allocator<int> const&)
calls=16000 0x2c60 547 
* * 304000 96000 112000 1007 0 0 4
+4 * 16000 0 16000
+4 +1 16000
+4 * 16000
+4 * 16000
cfi=(25)
cfn=(94)
calls=16000 0x2b58 230 
* * 192000 80000 32000 2 0 0 2
+4 * 16000 16000
+4 +1 16000 32000
+4 * 16000

fn=(118)
0x1c98 478 16000 0 32000
+4 * 16000
+4 +5 16000
cfn=(120)
calls=16000 +16 -18 
* * 80000 0 16000
+4 * 16000
+4 +1 16000 32000
+4 * 16000

fn=(82)
0x2700 993 16000 0 32000 1 0 0 1
+4 * 16000
+4 * 16000 0 16000
+4 +1 16000 16000
+4 * 16000
cfn=(84)
calls=16000 0x29d4 303 
* * 80000 16000 16000 1 0 0 1
+4 * 16000
cfn=(86)
calls=16000 0x299c 1911 
* * 720000 240000 224000 1010 0 0 7
+4 * 16000 32000
+4 * 16000

fn=(124)
fi=(22)
0x1da8 474 7000 0 7000
+4 +3 7000 7000
+4 * 7000
+4 * 7000 0 7000
+4 +2 7000
+4 * 7000
cfi=(23)
cfn=(104)
calls=7000 0x24a8 1158 
* * 35000 7000 7000
+4 * 7000 7000
+4 +1 7000 7000
+4 * 7000
cfi=(14)
cfn=(122)
calls=7000 0x24bc 298 
* * 35000 7000 7000
+4 -1 7000
+4 * 7000 7000
+4 * 7000 7000
+4 * 7000
+4 * 7000
cfi=(14)
cfn=(125) std::vector<int, std::allocator<int> >::_S_relocate(int*, int*, int*, std::allocator<int>&)'2
calls=7000 0x2474 +20 
* * 595000 210000 217000
+4 * 7000 0 7000
+4 * 7000
cfn=(79)
calls=7000 0x1e4c +30 
* * 1408349 504463 308206 7042 48 0 19 37
fe=(14)
0x2474 +20 9000 0 18000
+4 * 9000
+4 * 9000 0 9000
+4 * 9000 0 9000
+4 * 9000 0 9000
+4 * 9000 0 9000
+4 +8 9000 9000
+4 * 9000 9000
+4 * 9000 9000
+4 * 9000 9000
+4 * 9000
cfn=(126)
calls=9000 0x2748 -20 
* * 867714 295246 262106 2044 83 3230 16 12 3222
+4 +2 2000 4000
+4 * 2000

fn=(125)
0x2474 499 7000 0 14000
+4 * 7000
+4 * 7000 0 7000
+4 * 7000 0 7000
+4 * 7000 0 7000
+4 * 7000 0 7000
+4 +8 7000 7000
+4 * 7000 7000
+4 * 7000 7000
+4 * 7000 7000
+4 * 7000
cfn=(126)
calls=7000 0x2748 -20 
* * 504000 168000 175000
+4 +2 7000 14000
+4 * 7000

fn=(198)
fi=(22)
0x19c0 453 11 0 11 1 0 0 1
+4 +1 11 11
+4 * 11 0 11
+4 +8 11 11
+4 +1 11 11
+4 * 11
+4 -1 11 11
+4 * 11
+4 * 11 11
+4 * 11
cfi=(21)
cfn=(204)
calls=11 0x1fc0 77 
* * 55 11 11 1 0 0 1
+4 * 11
+4 * 11
+4 * 11
+4 * 11
cfi=(24)
cfn=(206)
calls=11 0x18c4 +49 
* * 539 154 176 0 0 5 0 0 5
+4 +7 11 0 11
+4 +3 11
cfi=(14)
cfn=(210)
calls=11 0x1924 +6 
* * 121 22 33
+4 * 11 0 0 1 0 0 1
+4 * 11
+4 * 11
+4 +2 11
+4 * 11
cfi=(23)
cfn=(196)
calls=11 0x21e4 1158 
* * 55 11 11
+4 * 11 11
+4 +1 11 11
+4 * 11
cfi=(14)
cfn=(214)
calls=11 0x1884 298 
* * 55 11 11 1 0 0 1
+4 -1 11
+4 * 11 11
+4 * 11
+4 * 11 11
+4 * 11
cfi=(14)
cfn=(216)
calls=11 0x21b0 +25 
* * 5366 1999 1672 24 119 121 12 3 121
+4 * 1 0 1
+4 +3 1 1
+4 * 1
+4 * 1 0 1 1 0 0 1
+4 +2 1
+4 * 1
cfi=(23)
cfn=(196)
calls=1 0x21e4 1158 
* * 5 1 1
+4 * 1 1
+4 +1 1 1
+4 * 1
cfi=(14)
cfn=(214)
calls=1 0x1884 298 
* * 5 1 1
+4 -1 1
+4 * 1 1
+4 * 1 1
+4 * 1
+4 * 1
cfi=(14)
cfn=(216)
calls=1 0x21b0 +20 
* * 85 30 31
+4 * 1 0 1
+4 * 1
cfn=(175)
calls=1 0x1ad8 +30 
* * 54 21 11 4 0 0 4
fe=(14)
0x2178 375 11 0 22
+4 * 11
+4 * 11 0 11 1 0 0 1
+4 * 11 0 11
+4 +3 11 11
+4 * 11
+4 * 11
+4 * 11 11
+4 * 11 11
+4 * 11
cfi=(24)
cfn=(200) std::allocator_traits<std::allocator<double> >::allocate(std::allocator<double>&, unsigned long)
calls=11 0x2634 +85 
* * 1902 498 324 19 8 5 3 5 5

fn=(199) std::_Vector_base<double, std::allocator<double> >::_M_allocate(unsigned long)'2
0x21a8 379 11 22
+4 * 11

fl=(24)
fn=(112)
0x1c38 511 100000 0 200000
+4 * 100000
+4 * 100000 0 100000
+4 * 100000 0 100000
+4 * 100000 0 100000
+4 +5 100000 100000
+4 * 100000
cfi=(21)
cfn=(76)
calls=100000 -44 77 
* * 500000 100000 100000
+4 * 100000
+4 * 100000 100000
+4 * 100000 100000
+4 * 100000
cfi=(16)
cfn=(114) void std::__new_allocator<int>::construct<int, int>(int*, int&&)
calls=100000 0x2298 173 
* * 3000000 800000 1000000 1007 0 2988 2 0 2976
+4 +4 100000
+4 * 100000 200000
+4 * 100000

fn=(108)
fi=(14)
0x2464 378 8000
cfn=(107)
calls=8000 +8 +1 
* * 16000 16000
fe=(24)
0x2720 +85 8000 0 16000
+4 * 8000
+4 * 8000 0 8000
+4 * 8000 0 8000
+4 +1 8000
+4 * 8000 8000
+4 * 8000 8000
+4 * 8000
cfi=(16)
cfn=(110) std::__new_allocator<int>::allocate(unsigned long, void const*)
calls=8000 0x29e8 112 
* * 1111075 292775 186640 11057 275 1495 47 12 1483

fn=(146)
fi=(14)
0x172c 388 7000
+4 * 7000 14000
+4 * 7000
fe=(24)
0x1bf4 495 7000 0 14000
+4 * 7000
+4 * 7000 0 7000
+4 * 7000 0 7000
+4 * 7000 0 7000
+4 +1 7000 7000
+4 * 7000 7000
+4 * 7000 7000
+4 * 7000
cfi=(16)
cfn=(148) std::__new_allocator<int>::deallocate(int*, unsigned long)
calls=7000 0x2270 142 
* * 939349 315463 196206 7042 48 0 19 37

fn=(88)
0x2c60 547 16000 0 32000 4 0 0 1
+4 * 16000
+4 * 16000 0 16000
+4 +3 16000 16000
+4 * 16000
cfi=(16)
cfn=(90) std::__new_allocator<int>::max_size() const
calls=16000 0x2db0 167 
* * 192000 48000 64000 1003 0 0 3
+4 +4 16000 32000
+4 * 16000

fn=(184)
0x2b3c 547 22 0 44 1 0 0 1
+4 * 22
+4 * 22 0 22
+4 +3 22 22
+4 * 22
cfi=(16)
cfn=(186) std::__new_allocator<double>::max_size() const
calls=22 0x2d4c 167 
* * 264 66 88 1 0 0 1
+4 +4 22 44
+4 * 22

fn=(206)
0x18c4 511 1000 0 2000
+4 * 1000
+4 * 1000 0 1000
+4 * 1000 0 1000
+4 * 1000 0 1000
+4 +5 1000 1000
+4 * 1000
cfi=(21)
cfn=(204)
calls=1000 0x1fc0 77 
* * 5000 1000 1000
+4 * 1000
+4 * 1000 1000
+4 * 1000 1000
+4 * 1000
cfi=(16)
cfn=(208) void std::__new_allocator<double>::construct<double, double const&>(double*, double const&)
calls=1000 0x1fd4 173 
* * 30000 8000 10000 0 0 149 0 0 121
+4 +4 1000
+4 * 1000 2000
+4 * 1000

fn=(200)
fi=(14)
0x21a0 378 11
cfn=(199)
calls=11 +8 +1 
* * 22 22
fe=(24)
0x2634 +85 11 0 22
+4 * 11
+4 * 11 0 11
+4 * 11 0 11 1 0 0 1
+4 +1 11
+4 * 11 11
+4 * 11 11
+4 * 11
cfi=(16)
cfn=(202) std::__new_allocator<double>::allocate(unsigned long, void const*)
calls=11 0x2860 112 
* * 1781 454 280 18 8 5 2 5 5

fn=(236)
fi=(14)
0x1878 388 10
+4 * 10 20
+4 * 10
fe=(24)
0x1f68 495 10 0 20
+4 * 10
+4 * 10 0 10
+4 * 10 0 10
+4 * 10 0 10
+4 +1 10 10
+4 * 10 10 0 1 0 0 1
+4 * 10 10
+4 * 10
cfi=(16)
cfn=(238) std::__new_allocator<double>::deallocate(double*, unsigned long)
calls=10 0x2574 142 
* * 1432 470 292 10 8 0 7 3

fl=(16)
fn=(186)
0x2d4c 167 22 0 44 1 0 0 1
+4 * 22
+4 * 22 0 22
+4 +1 22 22
+4 * 22
cfn=(188) std::__new_allocator<double>::_M_max_size() const
calls=22 0x2b90 +42 
* * 110 0 22
+4 * 22 44
+4 * 22

fn=(92) std::__new_allocator<int>::_M_max_size() const
0x2c7c 210 24000
+4 * 24000 0 24000 1001 0 0 1
+4 +3 24000
+4 +4 24000
+4 * 24000

fn=(188)
0x2b90 210 33
+4 * 33 0 33
+4 +3 33
+4 +4 33
+4 * 33

fn=(208)
0x1fd4 173 1000 0 2000
+4 * 1000
+4 * 1000 0 1000
+4 * 1000 0 1000
+4 * 1000 0 1000
+4 * 1000 0 1000
+4 +2 1000 1000
+4 * 1000
+4 * 1000
+4 * 1000
cfi=(26)
cfn=(116)
calls=1000 0x13e8 * 
* * 6000 1000 2000
+4 * 1000
+4 * 1000 1000
+4 * 1000
cfi=(21)
cfn=(204)
calls=1000 -68 -98 
* * 5000 1000 1000
+4 * 1000 1000
+4 * 1000 0 1000 0 0 149 0 0 121
+4 * 1000
+4 * 1000 1000
+4 * 1000 2000
+4 * 1000

fn=(110)
fi=(24)
0x2740 464 8000 16000 0 1 0 0 1
+4 * 8000
fe=(16)
0x29e8 112 8000 0 16000
+4 * 8000
+4 * 8000 0 8000
+4 * 8000 0 8000
+4 * 8000 0 8000
+4 +8 8000 8000
+4 * 8000 0 0 1 0 0 1
cfn=(92)
calls=8000 0x2c7c +90 
* * 40000 0 8000
+4 * 8000
+4 * 8000 8000
+4 * 8000
+4 * 8000
+4 * 8000
+4 * 8000
+4 * 8000
+4 * 8000
+4 * 8000
+4 * 8000
+4 * 8000
+28 +17 8000 8000 0 1 0 0 1
+4 * 8000
+4 * 8000
cob=(5)
cfi=(11)
cfn=(29) operator new(unsigned long)'2
calls=8000 0xa2c90 0 
* * 855075 244775 138640 11052 274 1495 44 12 1483
* * 32000 8000 0 2 1

fn=(202)
fi=(24)
0x2654 464 11 22
+4 * 11
fe=(16)
0x2860 112 11 0 22
+4 * 11
+4 * 11 0 11
+4 * 11 0 11
+4 * 11 0 11
+4 +8 11 11
+4 * 11
cfn=(188)
calls=11 0x2b90 +90 
* * 55 0 11
+4 * 11
+4 * 11 11 0 1 0 0 1
+4 * 11
+4 * 11
+4 * 11
+4 * 11
+4 * 11
+4 * 11
+4 * 11
+4 * 11
+4 * 11
+28 +17 11 11 0 1 0 0 1
+4 * 11
+4 * 11
cob=(5)
cfi=(11)
cfn=(28)
calls=11 0xa2c90 0 
* * 1429 388 214 16 8 5 0 5 5
* * 44 11

fn=(90)
0x2db0 167 16000 0 32000 1 0 0 1
+4 * 16000
+4 * 16000 0 16000
+4 +1 16000 16000
+4 * 16000 0 0 1 0 0 1
cfn=(92)
calls=16000 0x2c7c +42 
* * 80000 0 16000 1001 0 0 1
+4 * 16000 32000
+4 * 16000

fn=(114)
0x2298 173 100000 0 200000 3 0 0 1
+4 * 100000
+4 * 100000 0 100000
+4 * 100000 0 100000
+4 * 100000 0 100000
+4 * 100000 0 100000
+4 +2 100000 100000
+4 * 100000
+4 * 100000
+4 * 100000
cfi=(26)
cfn=(116)
calls=100000 0x13e8 * 
* * 600000 100000 200000 1004 0 0 1
+4 * 100000
+4 * 100000 100000
+4 * 100000
cfi=(21)
cfn=(76)
calls=100000 0x1c24 -98 
* * 500000 100000 100000
+4 * 100000 100000
+4 * 100000 0 100000 0 0 2988 0 0 2976
+4 * 100000
+4 * 100000 100000
+4 * 100000 200000
+4 * 100000

fn=(148)
fi=(24)
0x1c18 496 7000
+4 * 7000 14000
+4 * 7000
fe=(16)
0x2270 142 7000 0 14000 21 0 0 1
+4 * 7000
+4 * 7000 0 7000
+4 * 7000 0 7000
+4 * 7000 0 7000
+4 +16 7000 7000
+4 * 7000
cob=(5)
cfi=(11)
cfn=(152) operator delete(void*)
calls=6999 0xa0ca0 0 
* * 839880 286959 160977 7002 6 0 0 2
cob=(4)
cfi=(3)
cfn=(9)
calls=1 0x10744 38 
* * 1464 503 227 18 42 0 18 35
* * 28005 7001 2 1

fn=(48)
0x1be0 80 1000 0 0 1 0 0 1
+4 * 1000 0 1000
+4 * 1000
+4 * 1000
+4 * 1000

fn=(238)
fi=(24)
0x1f8c 496 10
+4 * 10 20
+4 * 10
fe=(16)
0x2574 142 10 0 20 1 0 0 1
+4 * 10
+4 * 10 0 10
+4 * 10 0 10
+4 * 10 0 10
+4 +16 10 10
+4 * 10
cob=(5)
cfi=(11)
cfn=(152)
calls=10 0xa0ca0 0 
* * 1292 430 242 9 8 0 6 3
* * 40 10

fl=(22)
fn=(174)
fi=(14)
0x16a4 1288 11
+4 * 11 22
+4 * 11
fe=(22)
0x1950 439 11 0 22 1 0 0 1
+4 * 11
+4 * 11 0 22
+4 * 11 0 11
+4 * 11 0 11
+4 * 11 0 11
+4 +10 11
+4 * 11
+4 * 11
+4 * 11 11
+4 * 11
cfi=(14)
cfn=(176)
calls=11 0x2048 1891 
* * 2895 978 699 30 0 0 28
+4 * 10 0 10
+4 +1 10 10
+4 * 10 10
+4 * 10 0 10
+4 +1 10 10
+4 * 10 10
+4 * 10 0 10
+4 +1 10 10
+4 * 10
cfi=(14)
cfn=(192)
calls=10 0x2114 868 
* * 190 70 60
+4 * 10 0 10
+4 * 10
+4 * 10
+4 * 10
cfi=(23)
cfn=(194)
calls=10 0x2138 1330 
* * 260 90 70 10
+4 * 10 0 10
+4 +1 10 10
+4 * 10 10
+4 * 10
cfi=(14)
cfn=(198)
calls=10 0x2178 -78 
* * 8209 2744 2231 35 127 131 8 8 131

fn=(175)
0x1ad8 509 11 0 0 1 0 0 1
cfi=(14)
cfn=(210)
calls=11 0x1924 -31 
* * 121 22 33
+4 * 11
+4 * 11
+4 * 11
+4 * 11
+4 * 11
+28 +4 11 11 0 1 0 0 1
+4 +1 11 11
+4 * 11 11
+4 * 11 11
+4 * 11
+4 * 11
+4 -1 11
+4 * 11 11
+4 * 11
+4 * 11
cfi=(14)
cfn=(226)
calls=11 0x1848 383 
* * 1843 673 427 15 8 0 9 3
+4 +2 1 1
+4 * 1 1
+4 * 1 0 1
+4 +1 1 1
+4 * 1 1 0 1 0 0 1
+4 * 1 0 1
+4 +1 1 1
+4 * 1
+4 * 1 1
+4 * 1
+4 * 1 1
+4 * 1 0 1
+4 +1 1
cfn=(175)
calls=1 0x1bd4 * 
* * 3 4
0x1bd4 * 11 22
+4 * 11 22
+4 * 11

fn=(78) void std::vector<int, std::allocator<int> >::_M_realloc_insert<int>(__gnu_cxx::__normal_iterator<int*, std::vector<int, std::allocator<int> > >, int&&)
0x17d8 127 8000
+4 * 8000 16000
+4 * 8000 16000
+4 * 8000
0x1cc4 439 8000 0 16000 1 0 0 1
+4 * 8000
+4 * 8000 0 16000
+4 * 8000 0 8000
+4 * 8000 0 8000
+4 * 8000 0 8000
+4 +10 8000
+4 * 8000
+4 * 8000
+4 * 8000 8000
+4 * 8000
cfi=(14)
cfn=(80)
calls=8000 0x230c 1891 
* * 2253294 759064 549028 4068 9 1 37 0 1
+4 * 7000 0 7000
+4 +1 7000 7000
+4 * 7000 7000
+4 * 7000 0 7000
+4 +1 7000 7000
+4 * 7000 7000
+4 * 7000 0 7000
+4 +1 7000 7000
+4 * 7000
cfi=(14)
cfn=(100)
calls=7000 0x23d8 868 
* * 133000 49000 42000
+4 * 7000 0 7000
+4 * 7000
+4 * 7000
+4 * 7000
cfi=(23)
cfn=(102)
calls=7000 0x23fc 1330 
* * 182000 63000 49000
+4 * 7000 0 7000
+4 +1 7000 7000
+4 * 7000 7000
+4 * 7000
cfi=(14)
cfn=(106)
calls=7000 0x243c -78 
* * 4868844 1547420 1211924 20124 397 5723 74 61 5698

fn=(79)
0x1e4c 509 8000 0 0 1 0 0 1
cfi=(14)
cfn=(118)
calls=8000 0x1c98 -31 
* * 88000 16000 24000
+4 * 8000
+4 * 8000
+4 * 8000
+4 * 8000
+4 * 8000
+28 +4 8000 8000
+4 +1 8000 8000 0 1 0 0 1
+4 * 8000 8000
+4 * 8000 8000
+4 * 8000
+4 * 8000
+4 -1 8000
+4 * 8000 8000
+4 * 8000
+4 * 8000
cfi=(14)
cfn=(134)
calls=8000 0x16fc 383 
* * 1230349 458463 292206 7042 48 0 19 37
+4 +2 1000 1000
+4 * 1000 1000
+4 * 1000 0 1000
+4 +1 1000 1000
+4 * 1000 1000
+4 * 1000 0 1000
+4 +1 1000 1000
+4 * 1000 0 0 1 0 0 1
+4 * 1000 1000
+4 * 1000
+4 * 1000 1000
+4 * 1000 0 1000
+4 +1 1000
cfn=(79)
calls=1000 0x1f48 * 
* * 3000 4000 0 1 0 0 1
0x1f48 * 8000 16000 0 1 0 0 1
+4 * 8000 16000
+4 * 8000

fn=(70)
fi=(14)
0x14ec 1294 100000
+4 * 100000 200000
+4 * 100000
fe=(22)
0x174c 111 100000 0 200000
+4 * 100000
+4 * 100000 0 200000
+4 * 100000 0 100000
+4 * 100000 0 100000
+4 +3 100000 100000
+4 * 100000 100000
+4 * 100000 100000
+4 * 100000 100000
+4 * 100000
+4 * 100000
+4 +3 92000 92000
+4 * 92000 92000
+4 * 92000 92000
+4 * 92000 92000
+4 * 92000
cfi=(21)
cfn=(76)
calls=92000 0x1c24 -40 
* * 460000 92000 92000
+4 * 92000
+4 * 92000
+4 * 92000
+4 * 92000
cfi=(24)
cfn=(112)
calls=92000 0x1c38 511 
* * 4508000 1288000 1472000 0 0 1989 0 0 1982
+4 +2 92000 92000
+4 * 92000 92000
+4 * 92000
+4 * 92000 92000
+4 * 92000 0 92000
+4 +8 92000
cfn=(71) void std::vector<int, std::allocator<int> >::emplace_back<int>(int&&)'2
calls=92000 +40 * 
* * 368000 368000
+4 -4 8000 8000 0 1 0 0 1
+4 * 8000
cfi=(14)
cfn=(72)
calls=8000 0x1c70 888 
* * 160000 56000 48000 1003 0 0 4
+4 * 8000
+4 * 8000 8000 0 1 0 0 1
+4 * 8000
cfi=(21)
cfn=(76)
calls=8000 0x1c24 -46 
* * 40000 8000 8000 1 0 0 1
+4 * 8000
+4 * 8000
+4 * 8000 8000
+4 * 8000
cfn=(78)
calls=8000 0x1cc4 439 
* * 7676138 2507484 1942952 24193 406 5724 112 61 5699

fn=(71)
0x17d8 127 92000
+4 * 92000 184000
+4 * 92000 184000
+4 * 92000

fl=(25)
fn=(222) double* std::__niter_base<double*>(double*)
0x2ba4 313 66
+4 * 66 0 66
+4 +2 66 66
+4 * 66
+4 * 66

fn=(94)
0x2b58 230 16022 0 0 1 0 0 1
+4 * 16022 0 16022
+4 * 16022 0 16022
+4 +5 16022 16022
+4 * 16022 16022
+4 * 16022 16022
+4 * 16022 16022
+4 * 16022
+4 * 16022
+12 +2 16022 16022 0 1 0 0 1
+4 +1 16022
+4 * 16022

fn=(98)
fi=(14)
0x20bc 1896 1 1
+4 * 1 0 0 1 0 0 1
+4 * 1 0 1
+4 +1 1 1
+4 * 1
cfn=(190)
calls=1 0x25d4 987 
* * 10 4 1
+4 * 1
+4 * 1 1
+4 * 1
+4 * 1
+4 * 1 1
+4 * 1
cfn=(178)
calls=1 0x25b4 993 
* * 58 19 18
+4 * 1
+4 * 1 1
+4 * 1
+4 * 1
+16 * 1 1 0 1 0 0 1
+4 +1 1 1
+4 * 1 2
+4 * 1
0x2380 -2 1000 1000 0 1 0 0 1
+4 * 1000
+4 * 1000 0 1000
+4 +1 1000 1000
+4 * 1000
cfn=(96)
calls=1000 0x14f8 987 
* * 10000 4000 1000
+4 * 1000
+4 * 1000 1000
+4 * 1000
+4 * 1000
+4 * 1000 1000
+4 * 1000
cfn=(82)
calls=1000 0x2700 993 
* * 58000 19000 18000
+4 * 1000
+4 * 1000 1000
+4 * 1000
+4 * 1000
+16 * 1000 1000 0 1000 0 0 1
+4 +1 1000 1000
+4 * 1000 2000
+4 * 1000
fe=(25)
0x25fc 254 8011 0 0 1 0 0 1
+4 * 8011 0 8011 1 0 0 1
+4 * 8011 0 8011
+4 +5 8011 8011
+4 * 8011 8011
+4 * 8011 8011
+4 * 8011 8011
+4 * 8011
+4 * 8011
+4 +1 1001 1001
+4 * 1001
cfn=(99) unsigned long const& std::max<unsigned long>(unsigned long const&, unsigned long const&)'2
calls=1001 +8 +2 
* * 2002
+4 +1 7010 7010
+4 +1 7010
+4 * 7010

fn=(99)
0x262c 262 1001
+4 * 1001

fn=(130) int* std::__niter_base<int*>(int*)
0x2c90 313 48000
+4 * 48000 0 48000
+4 +2 48000 48000
+4 * 48000
+4 * 48000

fl=(27)
fn=(132) std::enable_if<std::__is_bitwise_relocatable<int, void>::value, int*>::type std::__relocate_a_1<int, int>(int*, int*, int*, std::allocator<int>&)
0x2aac 1136 7000 14000
+4 * 7000 14000
+4 * 7000
0x2ca4 -36 16000 0 32000
+4 * 16000
+4 * 16000 0 16000
+4 * 16000 0 16000
+4 * 16000 0 16000
+4 * 16000 0 16000
+4 +4 16000 16000
+4 * 16000 16000 0 1 0 0 1
+4 * 16000
+4 * 16000
+4 * 16000 0 16000
+4 +1 16000 16000
+4 * 16000
+4 * 16000
+4 +12 7000 7000
+4 * 7000
+4 * 7000
+4 * 7000 7000
+4 * 7000 7000
+4 * 7000
cob=(2)
cfi=(30)
cfn=(142)
calls=6999 0x9d240 189 
* * 134984 36998 36998 2023 68 3224 4 0 3216
cob=(4)
cfi=(3)
cfn=(9)
calls=1 0x10744 38 
* * 725 247 106 17 15 6 8 12 6
* * 70005 35001 2 1 0 0 1
+4 +2 9000 9000
+4 * 9000
+4 * 9000 9000
+4 * 9000 0 0 1 0 0 1
+4 +1 9000 18000
+4 * 9000

fn=(128)
fi=(14)
0x2778 491 7000 14000
+4 * 7000
fe=(27)
0x2a5c 1127 16000 0 32000
+4 * 16000
+4 * 16000 0 32000
+4 * 16000 0 16000
+4 * 16000 0 16000
+4 * 16000 0 16000
+4 * 16000 0 16000
+4 +6 16000 16000
+4 * 16000
cfi=(25)
cfn=(130)
calls=16000 0x2c90 313 
* * 80000 16000 16000
+4 * 16000 0 0 1 0 0 1
+4 * 16000 16000
+4 * 16000
cfi=(25)
cfn=(130)
calls=16000 0x2c90 313 
* * 80000 16000 16000
+4 * 16000
+4 * 16000 16000
+4 * 16000
cfi=(25)
cfn=(130)
calls=16000 0x2c90 313 
* * 80000 16000 16000
+4 * 16000 16000
+4 * 16000
+4 * 16000
+4 * 16000
+4 * 16000
cfn=(132)
calls=16000 0x2ca4 -33 
* * 546714 205246 149106 2043 83 3230 15 12 3222
+4 +3 9000 18000
+4 * 9000 18000
+4 * 9000

fn=(220)
fi=(14)
0x268c 491 10 20
+4 * 10
fe=(27)
0x28d4 1127 22 0 44
+4 * 22
+4 * 22 0 44
+4 * 22 0 22
+4 * 22 0 22
+4 * 22 0 22
+4 * 22 0 22
+4 +6 22 22
+4 * 22
cfi=(25)
cfn=(222)
calls=22 0x2ba4 313 
* * 110 22 22
+4 * 22
+4 * 22 22
+4 * 22 0 0 1 0 0 1
cfi=(25)
cfn=(222)
calls=22 0x2ba4 313 
* * 110 22 22
+4 * 22
+4 * 22 22
+4 * 22
cfi=(25)
cfn=(222)
calls=22 0x2ba4 313 
* * 110 22 22
+4 * 22 22
+4 * 22
+4 * 22
+4 * 22
+4 * 22
cfn=(224) std::enable_if<std::__is_bitwise_relocatable<double, void>::value, double*>::type std::__relocate_a_1<double, double>(double*, double*, double*, std::allocator<double>&)
calls=22 0x2bb8 -33 
* * 1689 753 673 8 111 121 2 0 121
+4 +3 12 24
+4 * 12 24
+4 * 12

fn=(224)
0x2924 1136 10 20
+4 * 10 20
+4 * 10
0x2bb8 -36 22 0 44
+4 * 22
+4 * 22 0 22 1 0 0 1
+4 * 22 0 22
+4 * 22 0 22
+4 * 22 0 22
+4 +4 22 22
+4 * 22 22
+4 * 22
+4 * 22
+4 * 22 0 22
+4 +1 22 22
+4 * 22
+4 * 22
+4 +12 10 10
+4 * 10
+4 * 10
+4 * 10 10
+4 * 10 10 0 1
+4 * 10
cob=(2)
cfi=(30)
cfn=(142)
calls=10 0x9d240 189 
* * 1119 519 519 5 111 121 0 0 121
* * 100 50
+4 +2 12 12 0 1 0 0 1
+4 * 12
+4 * 12 12
+4 * 12
+4 +1 12 24
+4 * 12

fl=(23)
fn=(102)
0x23fc 1330 8000 0 16000
+4 * 8000 0 0 1000 0 0 1
+4 * 8000 0 8000
+4 * 8000 0 8000
+4 * 8000 0 8000
+4 +3 8000 8000
+4 * 8000
cfn=(104)
calls=8000 0x24a8 1158 
* * 40000 8000 8000 7 0 0 1
+4 * 8000 8000
+4 * 8000 8000
+4 * 8000
cfn=(104)
calls=8000 0x24a8 1158 
* * 40000 8000 8000
+4 * 8000 8000
+4 * 8000
+4 * 8000
+4 * 8000 8000
+4 * 8000 16000
+4 * 8000

fn=(194)
0x2138 1330 11 0 22
+4 * 11
+4 * 11 0 11 1 0 0 1
+4 * 11 0 11
+4 * 11 0 11
+4 +3 11 11
+4 * 11
cfn=(196)
calls=11 0x21e4 1158 
* * 55 11 11 11 0 0 1
+4 * 11 11
+4 * 11 11
+4 * 11
cfn=(196)
calls=11 0x21e4 1158 
* * 55 11 11
+4 * 11 11
+4 * 11
+4 * 11
+4 * 11 11
+4 * 11 22
+4 * 11

fn=(74)
0x22e4 1072 16000 0 0 1 0 0 1
+4 * 16000 0 16000
+4 * 16000 0 16000
+4 +1 16000 16000
+4 * 16000 16000
+4 * 16000 16000
+4 * 16000 0 16000
+4 * 16000 0 0 1 0 0 1
+4 * 16000
+4 * 16000

fn=(172)
0x2020 1072 22 0 0 1 0 0 1
+4 * 22 0 22
+4 * 22 0 22
+4 +1 22 22
+4 * 22 22
+4 * 22 22
+4 * 22 0 22
+4 * 22
+4 * 22 0 0 1 0 0 1
+4 * 22

fn=(196)
0x21e4 1158 44 0 0 11 0 0 1
+4 * 44 0 44
+4 +1 44 44
+4 * 44
+4 * 44

fn=(104)
0x24a8 1158 32000 0 0 7 0 0 1
+4 * 32000 0 32000
+4 +1 32000 32000
+4 * 32000
+4 * 32000

ob=(5)
fl=(11)
fn=(152)
0xa0ca0 0 7010 0 0 7000 0 0 1
cob=(2)
cfi=(12)
cfn=(158)
calls=7009 0x929c4 3350 
* 0 806127 280380 161219 11 14 0 6 5
cob=(4)
cfi=(3)
cfn=(9)
calls=1 0x10744 38 
* 0 819 283 129 15 31 0 15 25
* 0 28045 7011 2 3 2 0 2 2

fn=(28)
fi=(1)
0x106c 16 1000
+4 * 1000 0 1000
+4 * 1000 0 1000
+4 * 1000 0 1000 0 0 4
+4 * 1000
+4 * 1000 0 0 1 0 0 1
cob=(1)
cfi=(14)
cfn=(40)
calls=1000 0x1420 526 
* * 50000 16000 17000 1994 0 0 6
+4 * 1000 0 1000
+4 +2 1000 0 1000
+4 * 1000
cob=(1)
cfn=(3)
calls=1000 +44 * 
* * 28759087 8792761 6455096 25246 560 7714 136 98 7682
fi=(16)
0x28cc 138 11 22
+4 * 11
fe=(11)
0xa2c90 0 1011 0 2022 1011 0 0 1
+4 0 1011
+4 0 1011
+4 0 1011 0 1011
+4 0 1011
+4 0 1011
+4 0 1011
cob=(2)
cfi=(12)
cfn=(32)
calls=1011 0x92240 3281 
* 0 55413 17372 11195 1041 39 6 25 16 6
* 0 8064 4026 0 1 1 0 1 1

fn=(29)
fi=(16)
0x2a54 138 8000 16000
+4 * 8000
fe=(11)
0xa2c90 0 8000 0 16000 6001
+4 0 8000
+4 0 8000
+4 0 8000 0 8000
+4 0 8000
+4 0 8000
+4 0 8000
cob=(2)
cfi=(12)
cfn=(32)
calls=8000 0x92240 3281 
* 0 727107 202799 114640 5049 274 1495 44 12 1483
* 0 55968 25976 0 2

ob=(4)
fl=(7) ./string/../sysdeps/aarch64/strcmp.S
fn=(20) strcmp
0x1c1c0 64 10 0 0 1 0 0 1
+4 +3 10
+4 +1 10
+4 +1 10
+4 +1 10
+4 +1 10
+4 +1 1
+44 +26 4
+4 +1 4
+4 +1 4
+4 +2 4
+4 +5 4
+4 +1 4
+4 +3 4
+4 +1 4
+4 +1 4
+12 +8 1
+4 +1 1 1 0 0 1 0 0 1
+4 +1 1 1 0 0 1
+4 +1 1
+4 +1 1
+4 +1 1
+4 +1 1
+4 +1 1
+4 +1 1
cfn=(21) strcmp'2
calls=1 0x1c1e8 -44 
* * 23 2
+4 +5 9 0 0 1 0 0 1
+4 +2 33 33 0 0 6 0 0 5
+4 +1 33 33 0 0 1 0 0 1
+4 +1 33
+4 +1 33
+4 +1 33
+4 +1 33
+4 +1 33
+4 +3 9
+4 +1 9
+4 +1 9 9
+4 +4 9 0 0 1 0 0 1
+4 +1 9
+4 +1 9
+4 +1 9
+4 +1 9
+4 +1 9
+4 +2 4
+4 * 4
+4 +5 4 4
+4 +1 4 4
+4 +4 4
+4 +1 4
+4 +1 4 4 0 0 1 0 0 1
+4 +1 4
+4 +1 4
+4 +1 4
+4 +2 4 0 0 1
+4 +4 4
+4 +1 4
+4 +1 4
+4 +2 5 5 0 1 1 0 1 1
+4 +1 5
+4 +1 5
+4 +1 5
+4 +5 5
+4 +1 5
+4 +1 5
cfn=(21)
calls=5 0x1c204 -95 
* * 45 0 0 1 0 0 1

fn=(21)
0x1c1e0 77 1 1
+4 +1 1 1
+4 +7 1
+4 +1 1
+4 +2 1
+4 +1 1
+4 +1 1
-16 -5 1
+4 +1 1
+4 +2 1
+4 +1 1
+4 +1 1
+4 +4 1
+4 +1 1
+4 +3 1
+4 +1 1
+4 +1 1
+4 +2 1
+4 +5 1
+4 +1 1
+4 +3 1
+4 +1 1
+4 +1 1
-32 -15 5 0 0 1 0 0 1
+4 +1 5
+4 +1 5
+4 +2 5
+4 +5 5
+4 +1 5
+4 +3 5
+4 +1 5
+4 +1 5

fl=(4) ./elf/./elf/dl-runtime.c
fn=(10) _dl_fixup
0xe460 46 5 0 10 2 0 1 1 0 1
+4 * 5
+4 * 5
+4 +2 5 5 0 0 1 0 0 1
+4 -2 5 0 10
+4 * 5
fi=(8) ./elf/../sysdeps/generic/ldsodefs.h
+4 +35 5 5 0 0 1 0 0 1
fe=(4)
+4 -35 5 0 10
+4 +2 5 5 0 3 1 0 1 1
+4 * 5 5 0 0 1 0 0 1
+4 * 5
+12 +6 5 5 0 0 2 0 0 2
+4 +1 5
+4 -6 5 5
+4 +6 5 5 0 0 2 0 0 2
+4 -6 5 5
+4 +6 5
+4 * 5
+4 -6 5
+4 +9 5 5 0 0 5 0 0 5
+4 -2 5 5 0 0 2 0 0 2
+4 * 5 0 10 0 0 1 0 0 1
+4 +2 5 0 0 2 0 0 1
+4 -2 5
+4 * 5
+4 * 5
+4 * 5
+4 * 5 0 5
+4 +7 5
+4 * 5
+4 +4 5 5 0 0 4 0 0 4
+4 * 5
+4 * 5
+4 +4 5 5 0 0 2 0 0 2
+4 * 5
+4 +4 5 5 0 0 2 0 0 2
+4 * 5
+4 +1 5 5 0 0 1 0 0 1
+4 * 5 0 0 1 0 0 1
+4 -1 5 5 0 0 2 0 0 2
+4 +1 5
+4 * 5
+4 +1 5 5 0 0 3 0 0 3
+4 -8 5
+4 * 5
+4 +16 5
+4 -1 5
+4 +1 5
+4 * 5 5 0 0 1 0 0 1
+4 * 5
+4 +10 5 5 0 0 2 0 0 2
+4 * 5
+4 * 5 5
+4 * 5
+4 * 5 0 0 1 0 0 1
+4 * 5
+4 * 5
+4 * 5
cfi=(5) ./elf/./elf/dl-lookup.c
cfn=(12) _dl_lookup_symbol_x
calls=6 0x8c00 756 
* * 2875 944 367 47 90 16 40 82 16
fi=(3)
0x1078c +8 5
+4 +3 5 10
+4 +1 5 10
+4 +1 5 10
+4 +1 5 10
+4 +1 5 10 0 0 1
+4 +1 5 10
+4 +1 5 10
+4 +1 5 10
+4 +1 5 10
+4 +3 5 10
+4 +4 5
fe=(4)

fn=(11) _dl_fixup'2
0xe5a0 133 1 1
+4 * 1
+52 +26 5
+4 * 5 5 0 0 1 0 0 1
+4 * 5
fi=(10) ./elf/../sysdeps/aarch64/dl-machine.h
+4 -14 5 0 5
fe=(4)
+4 +18 5 10
+4 * 5 10
+4 * 5 10
+4 * 5 10
+4 * 5
+4 -1 1 1
+4 * 1
cfn=(11)
calls=1 -40 -3 
* * 9 9 1

fl=(8)
fn=(22) do_lookup_x
0x8420 141 5 5 0 1 0 0 1
+4 * 5
+4 +1 5
fi=(5)
+4 460 5
+4 * 5
fi=(9) ./elf/../sysdeps/generic/dl-protected.h
+4 29 5 5
+4 * 5
+4 * 5
+4 * 5 0 0 2 0 0 1
fi=(5)
+4 467 5 5
+4 * 5
+4 * 5
+4 * 5
+4 * 5
+4 * 5
+4 * 5
+4 * 5
+4 +16 5 5
+4 +1 5 0 10
+4 +1 5
+4 +21 5 10
+4 * 5 10
+4 * 5 10
+4 * 5 10
+4 * 5 10
+4 * 5 10
+4 * 5
+4 * 5
fe=(8)

fl=(5)
fn=(12)
0x8c00 756 5 0 0 1 0 0 1
+4 * 5 0 10 0 0 2 0 0 2
+4 * 5
+4 * 5 0 10 0 0 1 0 0 1
+4 * 5
+4 * 5
+4 * 5 0 10
+4 * 5
+4 * 5
+4 * 5 0 10
+4 * 5
+4 * 5
+4 * 5 0 10
+4 * 5
+4 +6 5
+4 * 5
+4 -6 5 0 10 1 0 0 1
+4 +6 5 0 10 0 0 1 0 0 1
fi=(6) ./elf/../sysdeps/generic/dl-new-hash.h
+4 74 5 5 0 0 4 0 0 4
+4 +3 5
+4 -8 5
+4 +1 5
+4 +31 5
+4 * 5
+4 -21 5 5
+4 * 5
+4 +1 5
-8 -1 9 9
+4 * 9
+4 +1 9
+4 +21 12
+4 -28 12 12
+4 * 12
+4 +30 12
+4 -27 12
fe=(5)
+4 762 3 3
+4 -4 3
+4 * 3 0 3
+4 +1 3 0 6
+4 +3 3 3
+4 * 3
+4 * 3 0 3
+4 +4 3
+4 * 3
+4 +5 3 3
+4 * 3 3
+4 -2 3
+4 +6 3
+4 -7 3 0 3
+4 * 3 6
+4 * 3
+4 * 3
+4 * 3 0 3
+4 * 3
cfn=(13) _dl_lookup_symbol_x'2
calls=4 +16 +8 
* * 1453 486 155 4 44 1 3 39 1
fi=(6)
0x8e18 87 2 0 0 1 0 0 1
+4 +2 2
+4 +1 2
cfi=(5)
cfn=(13)
calls=2 0x8c80 762 
* * 946 318 110 32 37 11 26 34 11
fi=(4)
0xe550 +5 5
+4 +4 5 5
+4 * 5
+4 +10 5 5
+4 * 5
+4 * 5 5
+4 * 5
+4 * 5
+4 * 5
+4 * 5
+4 * 5
+4 * 5 5 0 0 2 0 0 2
+4 * 5 5 0 1 0 0 1
+4 * 5
+4 * 5 0 5
fi=(28) ./elf/../sysdeps/aarch64/dl-irel.h
+4 -71 5
fi=(4)
+4 +86 5 5
+4 * 5
+4 * 5
+4 * 5
+4 +9 4 4
+4 * 4
+88 +29 4 4 0 1 0 0 1
+4 * 4 0 0 1 0 0 1
cfn=(11)
calls=5 -40 -3 
* * 36 36 4 0 1 0 0 1
fi=(28)
0xe6bc 38 1 0 0 1 0 0 1
+4 -1 1 0 0 1 0 0 1
+4 * 1 0 1
+4 +3 1
+4 -2 1 1 0 0 1 0 0 1
+4 +1 1 1 0 0 1 0 0 1
+4 * 1 0 2
+4 +1 1
+4 * 1
cob=(2)
cfi=(29)
cfn=(140)
calls=1 0x967f0 +1 
* * 15 4 0 3 0 0 3
fi=(4)
+4 +85 1 0 1
+4 * 1
cfn=(11)
calls=1 0xe5a0 +8 
* * 13 11 1
fe=(5)

fn=(13)
0x8c80 762 2 2 0 2 0 0 1
+4 -4 2
+4 * 2 0 2 0 0 1 0 0 1
+4 +1 2 0 4
+4 +3 2 2 0 0 2 0 0 1
+4 * 2
+4 * 2 0 2
+4 +4 2
+4 * 2
+4 +5 2 2
+4 * 2 2 0 0 1 0 0 1
+4 -2 2
+4 +6 2
+4 -7 2 0 2
+4 * 2 4
+4 * 2
+4 * 2 0 0 1 0 0 1
+4 * 2 0 2
+4 * 2
cfn=(13)
calls=2 +16 +8 
* * 908 306 98 29 34 10 24 32 10
+16 +8 5 5
+4 * 5 0 5
+4 * 5 5
+4 * 5 0 5
+4 * 5 0 5
+4 * 5
+4 * 5 0 5
+4 * 5
+4 * 5
+4 * 5
+4 * 5 0 0 1 0 0 1
cfn=(16) do_lookup_x
calls=6 0x81e0 348 
* * 2306 782 233 32 78 11 26 71 11

fn=(16)
0x81e0 348 5 0 0 1 0 0 1
+4 * 5 0 10 0 0 2 0 0 2
+4 * 5
+4 * 5 5
+4 * 5 0 10
+4 * 5
+4 * 5 5
+4 * 5 5
+4 * 5 0 10 1 0 2 1 0 2
+4 +1 5 5
+4 -1 5 0 10
+4 * 5 0 10
+4 * 5 0 10
+4 * 5 0 5 0 0 2 0 0 2
+4 * 5 0 5
+4 * 5 0 10
+4 * 5
+4 * 5 0 5
+4 +7 5 5
+4 +41 5
+4 -30 5
+4 +33 5
+4 -25 5
+4 * 5
+4 * 5 0 0 1 0 0 1
+4 * 5
+4 * 5 0 5
+4 * 5
cfn=(17) do_lookup_x'2
calls=6 0x82c0 -15 
* * 2006 657 138 27 76 5 21 69 5
0x8d04 776 5
+4 +5 5 5
+4 +23 5 5
+4 * 5
+4 -23 5
+4 +24 5
+4 * 5 5
+4 * 5
+4 * 5
+4 * 5
+4 +7 5 5
+4 -7 5
+4 +35 5 5
+4 * 5
+4 * 5
+4 * 5 0 0 1 0 0 1
+4 +34 5 5
+4 * 5
+4 -20 5 5 0 0 2 0 0 2
+4 * 5
+4 +3 5 5
+4 * 5
+4 +19 5 10
+4 * 5
+4 * 5 10
+4 * 5 10
+4 * 5 10
+4 * 5 10
+4 -76 5 0 5
+4 +76 5 10
+4 * 5
+4 * 5 0 0 1 0 0 1

fn=(17)
0x8250 380 21 21 0 0 4 0 0 4
+4 * 21
+4 +8 21 21 0 0 6 0 0 4
+4 -4 21 0 21 0 0 2 0 0 2
fi=(8)
+4 81 21 21
fe=(5)
+4 388 21
+4 -3 21 0 21
+4 +3 21 21 0 0 5 0 0 4
+4 * 21
+12 +1 21 21
+4 +3 21 21 0 1 0 0 1
+4 -3 21 21
+4 * 21
+4 +4 21
+4 +4 21 21
+4 +3 21 21
+4 -3 21
+4 +3 21
+4 -5 21 21 0 0 12 0 0 12
+4 +8 21
+4 * 21
+4 * 21
+4 * 21
+4 +99 16
+4 * 16
+4 * 16
+4 359 21 21 0 2 1 0 1 1
+4 * 21 21 0 0 5 0 0 4
+4 +3 21
+4 * 21
+4 +4 21
+16 +4 21 21 0 0 4 0 0 4
+4 * 21
+4 +4 21 21 0 0 1 0 0 1
+4 * 21
0x8490 +33 6 0 0 3 0 0 1
+4 -1 6 6
+4 * 6
+4 * 6 6 0 0 6 0 0 6
+4 +2 6
+4 +2 6 6
+4 +6 6
+4 * 6
+4 -6 6 0 12
+4 * 6
+4 * 6 0 6
+4 * 6
+4 * 6 0 0 2 0 0 1
+4 * 6
+4 * 6 0 6
+4 * 6 0 6
+4 * 6 0 6
+4 * 6
cfn=(17)
calls=7 +12 +3 
* * 1459 433 82 19 42 3 17 36 3
+4 +13 7
+4 * 7
+4 -10 12 12 0 0 7 0 0 7
+4 * 12
+4 * 12
+4 * 12
+4 +2 5 5
+4 +1 5 0 10
+4 * 5 5
+4 * 5 10
+4 -1 5 0 0 1 0 0 1
+4 +1 5 5
+4 * 5
+4 +1 5
+4 -1 5 0 5
+4 * 5
+4 * 5
+4 +1 5
+4 -1 5
+4 * 5
cfn=(18) check_match
calls=6 0x8060 71 
* * 851 191 35 11 25 3 10 22 3
+4 +4 5
0x8724 +34 1 1 0 1 0 0 1
+4 * 1
+4 * 1
0x89b8 308 1 2 0 1 0 0 1
+4 * 1
+4 * 1 1 0 1 0 0 1
+4 * 1 1
+4 * 1 1
+4 * 1 1
+4 * 1
cfn=(17)
calls=1 0x8724 454 
* * 284 89 22 1 10 0 1 7
0x8b58 177 5 10 0 1 0 0 1
+4 * 5
+4 * 5 5
+4 * 5
+4 * 5 5
+4 * 5 5
+4 * 5 5
+4 * 5
cfi=(8)
cfn=(22)
calls=6 0x8420 -36 
* * 140 80 10 3 0 0 2

fn=(18)
0x8060 71 5 0 10 1 0 3 1 0 3
+4 * 5
+4 +3 5 5 0 0 5 0 0 5
+4 -3 5 0 10
+4 * 5
+4 * 5 0 10
+4 * 5
+4 * 5
+4 * 5 0 5 1 0 0 1
+4 * 5
+4 * 5 5
+4 * 5 5 0 0 1 0 0 1
+4 * 5
+4 +3 5 5
+4 * 5
+4 * 5
+4 +13 5
+4 -13 5
+4 +13 5
+4 -13 5
+4 +13 5
+4 * 5
+4 * 5
+4 +3 5
+4 * 5 0 0 1 0 0 1
+4 * 5 5
+4 * 5
+4 * 5
+4 * 5
cfi=(7)
cfn=(20)
calls=6 0x1c1c0 -26 
* * 223 28 0 6 5 0 5 5
+4 * 5
+4 +4 5 5
+4 +1 5
+4 +2 5
+4 +19 5 5 0 0 5 0 0 5
+4 +1 5
+4 * 5 5
+4 * 5
+4 * 5 5
+4 * 5
+4 * 5
+4 * 5 5 0 1 3 0 1 2
+4 * 5
+4 * 5
+20 -38 5
+4 +84 5 10
+4 * 5 10
+4 * 5 5
+4 * 5 10
+4 * 5
+80 -45 5 5 0 1 0 0 1
+4 * 5 5
+4 * 5
cfi=(7)
cfn=(20)
calls=6 0x1c1c0 -54 
* * 363 68 0 0 6 0 0 4
+4 * 5

fl=(3)
fn=(8)
0x10744 38 1 0 0 1 0 0 1
+4 +12 1 0 2 0 0 1 0 0 1
+4 +5 1 0 2
+4 +4 1 0 2
+4 +4 1 0 2 0 0 1 0 0 1
+4 +4 1 0 2
+4 +4 1 0 2
+4 +4 1 0 2 0 0 1 0 0 1
+4 +4 1 0 2
+4 +4 1 0 2
+4 +5 1 1
+4 +3 1 1
+4 +2 1
+4 +1 1
+4 +1 1
+4 +1 1 0 0 1 0 0 1
+4 +1 1
+4 +3 1
cob=(5)
cfi=(11)
cfn=(28)
calls=1 0xa2c90 0 
* * 32488 9959 6985 180 118 24 131 102 24
cfi=(4)
cfn=(10)
calls=2 0xe460 -54 
* * 587 207 78 37 44 11 37 44 11

fn=(9)
0x10744 38 4
+4 +12 4 0 8
+4 +5 4 0 8
+4 +4 4 0 8
+4 +4 4 0 8
+4 +4 4 0 8
+4 +4 4 0 8
+4 +4 4 0 8
+4 +4 4 0 8
+4 +4 4 0 8
+4 +5 4 4
+4 +3 4 4
+4 +2 4
+4 +1 4
+4 +1 4
+4 +1 4
+4 +1 4
+4 +3 4
cob=(2)
cfi=(12)
cfn=(158)
calls=1 0x929c4 3350 
* * 115 40 23 12 5 0 12 3
cob=(5)
cfi=(11)
cfn=(152)
calls=1 0xa0ca0 0 
* * 829 285 131 18 33 0 18 27
cob=(2)
cfi=(30)
cfn=(142)
calls=1 0x9d240 +89 
* * 16 2 2 3 0 0 3
cob=(2)
cfi=(17)
cfn=(56)
calls=1 0x3f1f0 -74 
* * 92 24 14 12 7 0 12 7
cfi=(4)
cfn=(10)
calls=4 0xe460 -54 
* * 2638 932 334 19 79 7 8 70 7

totals: 33043314 10279847 7030282 29414 765 8012 262 164 7948
