# callgrind format
version: 1
creator: callgrind-3.19.0
pid: 8918
cmd:  ./bin/sensor_rpi
part: 1


desc: I1 cache: 16384 B, 64 B, 4-way associative
desc: D1 cache: 16384 B, 64 B, 4-way associative
desc: LL cache: 262144 B, 64 B, 8-way associative

desc: Timerange: Basic block 0 - 6694164
desc: Trigger: Program termination

positions: instr line
events: Ir Dr Dw I1mr D1mr D1mw ILmr DLmr DLmw
summary: 0


ob=(2) /usr/lib/aarch64-linux-gnu/libc.so.6
fl=(36) ./misc/../sysdeps/unix/sysv/linux/brk.c
fn=(240) brk
0xe3a80 36 4 0 0 4 0 0 1
fi=(37) ./misc/../sysdeps/unix/sysv/linux/brk_call.h
+4 -12 4
+4 * 4
fe=(36)
+4 +13 4
+4 * 4 4
+4 * 4 0 4
+4 +1 4
+4 * 4
+4 +6 4
+4 +1 4

fl=(17) ./stdlib/./stdlib/rand.c
fn=(54) rand
0x3f1f0 26 100000 0 200000 5 0 0 1
+4 * 100000
+4 +1 100000
cfi=(18) ./stdlib/./stdlib/random.c
cfn=(56) random
calls=100000 0x3f450 288 
* * 8187337 2100049 1100049 3981 8 0 10 8
+4 +1 100000 200000
+4 * 100000 0 0 2 0 0 1

fl=(30) ./string/../sysdeps/aarch64/multiarch/../memcpy.S
fn=(140) __GI_memmove
0x9d138 95 2001 0 0 2 0 0 1
+4 +1 1001 1001
+4 +1 1001 1001
+4 +1 1001 0 1001
+4 +1 1001 0 1001
+4 +1 1001
+4 +4 1000 0 0 1 0 0 1
+4 +1 1000 1000
+4 +1 1000 1000
+4 +1 1000 0 1000
+4 +1 1000 0 1000
+4 +1 1000
+44 +18 2002 4004 0 2 0 0 1
+4 +1 2002 4004
+4 +1 2002
+4 +1 2002
+4 +1 1001 0 2002
+4 +1 1001 0 2002
+4 +1 1001
+8 +5 1001 2002
+4 +1 1001
+4 +1 1001
+4 +1 1001 2002
+4 +1 1001 0 2002 8 0 2 1 0 2
+4 +2 1001 0 2002
+4 +1 1001 0 2002
+4 +1 1001 0 2002
+4 +1 1001
+8 +8 1005 1005 0 0 4
+4 +1 1005
+4 +1 1005
+4 +1 1005
+4 +1 1005
+4 +1 1005 2010 0 0 4
+4 +1 1005 0 1005 0 0 249 0 0 249
+4 +1 1005 2010 0 0 1
+4 +1 1005
+4 +1 1005
+4 +2 2114 0 4228 12 0 1014 1 0 1014
+4 +1 2114 4228 0 0 40
+4 +1 2114 0 4228 0 0 1078 0 0 1078
+4 +1 2114 4228 0 0 61
+4 +1 2114
+4 +1 2114
+4 +1 2114
+4 +1 2114
+4 +4 1005 2010
+4 +1 1005 0 2010 0 0 499 0 0 499
+4 +1 1005 2010
+4 +1 1005 0 2010 0 0 495 0 0 495
+4 +1 1005 0 2010
+4 +1 1005 0 2010
+4 +1 1005
+8 +6 7010 0 0 5 0 0 1
+4 +5 7010
+4 +1 7010
+4 +1 7010
+4 +1 7010
+4 +1 6005
+4 +1 6005
+4 +3 4003
+4 +1 4003
+4 +1 2002 2002
+4 +1 2002 2002
+4 +1 2002 0 2002
+4 +1 2002 0 2002
+4 +1 2002
+4 +4 1005
+4 +1 1005
+4 +1 1005 0 0 2 0 0 1
+4 +1 1005

fl=(19) ???
fn=(58) __aarch64_cas4_acq
0x1363d0 0 100000 0 0 12 0 0 1
+4 0 100000
+4 0 100000 100000 0 0 1 0 0 1
+4 0 100000
+12 0 100000
+4 0 100000 100000 0 0 1 0 0 1
+4 0 100000
+4 0 100000
-8 0 45 45
+4 0 45
+4 0 45
+4 0 100045 0 100045
+4 0 100045
+4 0 100000 0 0 12 0 0 1

fn=(62) __aarch64_swp4_rel
0x1366b0 0 100000 0 0 1 0 0 1
+4 0 100000
+4 0 100000 100000
+4 0 100000
+12 0 100000 0 0 1 0 0 1
+4 0 100000 100000
+4 0 100000 0 100000
+4 0 100000
-8 0 4 4
+4 0 4 0 4
+4 0 4
+4 0 100000

fl=(4) ./malloc/./malloc/malloc.c
fn=(8) malloc
0x1886c 0 2014
+4 0 2014 2014
+4 0 2014 4028
+4 0 2014
0x92240 3281 9011 0 18022 2 0 1 1 0 1
+4 * 9011
+4 * 9011 0 18022
+4 +7 9011
+4 * 9011
+4 -7 9011 0 18022
+4 * 9011
+4 +7 9011 9011 0 0 1 0 0 1
+4 -7 9011 0 18022
+4 +7 9011
+4 1338 9011
+4 +10 9011
+4 * 9011
+4 * 9011 9011
+4 * 9011
+4 3300 9011
+4 * 9011 9011 0 1 1 0 1 1
+4 * 9011
+4 1357 9011
+4 3300 9011
+4 -2 9011
+4 * 9011
+4 * 9011
+4 +2 9011 9011 0 0 1 0 0 1
+4 -2 9011
+4 * 9011
+4 +2 9011
+4 +3 9011
+4 * 9011 9011 0 0 1 0 0 1
+4 * 9011
+4 * 9011
+4 +10 2014
+4 * 2014 2014 0 2 1 0 1 1
+4 * 2014
0x9235c +28 6997 13994
+4 * 6997
+4 * 6997 13994
+4 * 6997 13994
+4 * 6997 13994
+4 * 6997
+96 -37 9008 0 0 8 0 0 1
+4 * 9008
+4 +1 9008 9008 0 0 9 0 0 2
+4 * 9008
+4 3187 6997
+4 * 6997 6997 0 0 13 0 0 1
+4 +1 6997
+4 * 6997
+4 +2 6997 6997 0 0 27
+4 1473 6997
+4 3191 6997
+4 -1 6997
+4 1473 6997 6997 0 10 0 0 1
+4 3190 6997 0 6997
+4 +1 6997 0 6997
+4 +1 6997 0 6997
+4 1473 6997
+60 3315 2014 0 0 1002 0 0 1
+4 * 2014
+4 * 2014
+4 * 2014
cfn=(10) _int_malloc
calls=2014 0x90b50 3766 
* * 312050 81085 32756 6039 76 1504 63 20 1491

fn=(12) alloc_perturb
0x8e300 1999 1996 0 0 1 0 0 1
+4 * 1996 1996
+4 * 1996
+4 +2 1996

fn=(242) unlink_chunk.constprop.0
0x8e950 1620 16 0 32 2 0 0 1
+4 * 16
+4 +2 16 16
+4 * 16
+4 * 16 16
+4 * 16
+4 * 16
+4 +4 16 32
+4 +2 16 16
+4 * 16
+4 * 16
+4 * 16 16
+4 * 16 0 0 1 0 0 1
+4 * 16
+4 +3 16 0 16
+4 +1 16 0 16
+4 +1 16
+4 * 16
+4 * 2 2
+4 * 2
+4 +2 2 2
+4 * 2
+4 * 2
+4 +1 2 2
+4 * 2 2
+4 * 2
+4 * 2
+4 +3 2 2
+4 * 2 0 0 1 0 0 1
+4 +14 2 0 2
+4 +1 2 0 2
+4 +3 2 4
+4 * 2
-4 * 14 28
+4 * 14

fn=(234) sysmalloc
0x903f0 2542 4 0 0 4 0 0 1
+4 * 4
+4 * 4 4
+4 * 4 0 8 0 0 4
+4 * 4 0 0 4 0 0 1
+4 +20 4
+4 * 4 4
+4 -20 4 0 8 0 0 4
+4 * 4
+4 * 4 0 8
+4 * 4
+4 * 4 0 8
+4 * 4
+4 * 4 4
+4 * 4 0 4
+4 * 4
+4 +20 4 4
+4 +11 4
+4 +1 4
+4 * 4 4 0 0 4 0 0 1
+4 * 4 0 0 4 0 0 1
+4 * 4
+4 -11 4 0 4
+4 * 4 0 8
+4 * 4 0 8
+4 +37 4
+4 * 4 4
+4 +1 4 4
+4 * 4
+4 +1 4
+4 +9 4
+4 * 4
+4 * 4
+4 * 4
+4 * 4
+4 * 4
+4 * 4 0 0 4 0 0 1
+4 * 4
+4 +6 4
+4 * 4
+4 * 4
+4 +3 4
+4 * 4
+4 * 4
+4 * 4
0x90694 +61 4 0 0 1 0 0 1
+4 +8 4 4
+4 -8 4 4 0 0 4 0 0 1
+4 +9 4
+4 +13 4 4
+4 -22 4
+4 * 4
+4 +9 4
+4 * 4
+4 +13 4
+4 +8 4
+4 * 4 0 0 1 0 0 1
+4 * 4
+4 * 4
+4 * 4 0 4
+4 +8 4
+4 * 4
0x9080c +2 4 0 0 1 0 0 1
+4 * 4 0 4
+4 * 4
cfi=(34) ./malloc/./malloc/morecore.c
cfn=(236) __glibc_morecore
calls=4 0x8f970 26 
* * 176 48 32 12 8 4 7 2
+4 * 4
+4 +1 4 4
+4 * 4
+4 2022 4
+4 * 4 4
+4 * 4
+4 * 4
+4 * 4
+4 * 4
+4 2604 4
+4 * 4 0 0 1 0 0 1
cfn=(235) sysmalloc'2
calls=4 0x90728 2758 
* * 200 80 24 9 4 4 5 1 4
0x9189c 4403 4
+4 +1 4
+4 +1 4
+4 * 4
cfn=(11) _int_malloc'2
calls=4 0x917ac * 
* * 56 52

fn=(235)
0x90520 2935 4 4 0 1 4 0 1 1
+4 * 4
+4 * 4
+4 +1 4 0 4
+4 +5 4 4
+4 * 4
+4 +3 4
+4 * 4
+4 +5 4 0 0 3 0 0 1
+4 -2 4
+4 +2 4
+4 -3 4
+4 +3 4
+4 +1 4
+4 +2 4 8
+4 -3 4
+4 -1 4 0 4
+4 +1 4
+4 * 4 0 4
+4 +3 4
+4 * 4 8
+4 -2 4 0 4 0 0 4 0 0 4
+4 +8 4
+4 * 4 4
+4 * 4 4 0 3 0 0 1
+4 * 4 4
+4 * 4
+4 * 4
+4 * 4
+4 * 4 8
+4 * 4 8
+4 * 4 8
+4 * 4 8
+4 * 4
+4 * 4
0x90728 2758 4 0 0 1 0 0 1
+4 * 4 4
+4 * 4
+4 +2 4
+4 +6 4
+4 * 4
+4 -6 4 4 0 1 0 0 1
+4 * 4
+4 * 4 0 4
+4 +6 4
+4 +1 4
+4 2940 4 4
+4 2767 4
+4 * 4 0 4
+4 * 4
cfn=(235)
calls=4 0x90520 2935 
* * 140 68 16 7 4 4 3 1 4

fn=(10)
0x90b50 3766 2014 0 4028 1 0 1 1 0 1
+4 * 2014
+4 * 2014 0 4028
+4 1338 2014
+4 +10 2014 0 4028 0 0 1 0 0 1
+4 * 2014
+4 * 2014
+4 * 2014 0 4028
+4 * 2014
+4 * 2014
+4 * 2014 0 4028
+4 * 2014
+4 * 2014 2014 0 1 0 0 1
+4 * 2014
+4 +9 2014
+4 * 2014
+4 * 2014
+4 * 1013
+4 3807 1013
+4 1804 1013
+4 3834 1013 1013
+4 * 1013
+4 * 1013
+4 +2 5
+4 * 5 0 10
+4 * 5
+4 * 5
+4 +3 5
+4 * 5 5 0 1 1 0 1 1
+4 +2 5
0x90d80 +56 1008
+4 * 1008
+4 +62 4
+4 * 4 0 8
+4 * 4
+4 * 4
+4 * 4
+4 * 2
+4 * 2
+4 * 2
+4 * 2
+4 +1 2
+4 * 2 2 0 0 2
+4 * 2
-8 * 2
+4 * 2 2 0 0 2 0 0 1
+4 * 2
+4 +20 4
+4 * 4 4
+4 * 4
+4 -1 4
+4 -1 4
+4 +2 4
+4 -1 4
+4 +1 4 4
+4 * 4
+4 * 4
+4 * 4 4
+4 * 4
+4 * 4
+4 +10 4
+4 -6 4
+4 +6 4 4
+4 * 4
+4 * 4
0x90eec 3807 1001 0 0 1 0 0 1
+4 1804 1001
+4 3834 1001 1001
+4 * 1001
+4 * 1001
0x90ff0 * 1001 0 0 1 0 0 1
+4 * 1001 0 2002
+4 * 1001
+4 * 1001
+4 * 1001
+4 1357 1001
+4 3839 1001 1001
+4 +2 1001
+4 +59 1006 0 0 1 0 0 1
+4 * 1006
+4 * 1006 2012
+4 * 1006
+4 * 1006
cfn=(11)
calls=1006 0x90f0c * 
* * 106707 25299 5272 2016 29 492 30 4 491
0x911b8 4179 4
+4 * 4
+4 +2 4
+4 * 4
+4 +3 4
+4 * 4 4 0 0 4 0 0 4
+4 * 4
+4 * 4
+16 +68 4
+4 +1 4
+4 * 4
+4 * 4
+4 +2 4
+4 -1 4
+4 +1 4
+4 -2 4
+4 +3 4
+4 -3 4
+4 +3 4
+4 +12 4
+4 -13 4 4
+4 +6 4
+4 * 4
+4 * 4
+4 * 4
cfn=(11)
calls=4 0x91458 3854 
* * 184 66 12 4 0 4 0 0 4
0x912b4 3900 1004 0 0 2 0 0 1
+4 * 1004
+4 -1 1004
+4 * 1004 0 0 2 0 0 1
+4 * 1004
cfn=(11)
calls=1004 0x90f0c +1 
* * 101251 24478 5312 2032 38 1006 23 10 994
0x9235c 3341 2014 4028 0 1 0 0 1
+4 * 2014
+4 * 2014 4028
+4 * 2014 4028
+4 * 2014 4028
+4 * 2014
0x9245c 1473 2014
+4 3315 2014
+4 1473 2014 2014
+4 * 2014
+4 3316 2014
+4 476 2014
+4 3316 2014
+4 476 2014 2014
+4 * 2014
+4 3316 2014 2014 0 1976 0 0 1
+4 * 2014
fi=(5) ./malloc/./malloc/arena.c
+4 162 2014 2014
+4 * 2014
fe=(4)

fn=(11)
0x90db8 3980 2008 0 0 1 0 0 1
+4 * 2008 2008
+4 * 2008 0 0 1 0 0 1
+4 -1 2008
+4 -1 2008
+4 +2 2008
+4 -1 2008
+4 +1 2008 2008
+4 * 2008
+4 * 2008
+4 * 2008 2008
+4 * 2008
+4 * 2008
+4 +10 2008
+4 -6 2008
+4 +6 2008 2008 0 0 1
+4 * 2008
+4 * 2008
+4 -1 38 0 0 1 0 0 1
+4 +1 38
+4 +3 38 38
+4 * 38
+4 +1 38
+4 +2 38
+4 * 38
+4 +1 38 38
+4 * 38
+4 * 38
+4 +2 38 38
+4 +1 38
+4 * 38
+4 * 38
+4 +2 38 38
+4 * 38
+4 * 38 0 0 1 0 0 1
+4 * 38
+4 -10 38 38
+4 +12 38 38
+4 * 38
+4 * 38
+4 +1 38 38
+4 * 38
+4 * 38
+4 +2 38
+4 +11 38
+4 * 38
+4 * 38
+4 +31 2 0 2
+4 +1 2 0 2
+4 +4 2
+4 * 2 0 0 1 0 0 1
+4 +29 2
+4 * 2
+4 +8 2
+4 * 2
+4 * 2
+4 * 1
+4 * 1
+4 * 1
+4 * 1
+4 +1 1
+4 * 1
+4 * 1
+4 +1 1 1 0 0 1
+4 +3 1
+4 * 1
-20 -4 1
+4 * 1
+4 * 1
+4 +1 1 1 0 0 1
+4 +3 1
+4 * 1
+80 3900 2010 0 0 1 0 0 1
+4 * 2010
+4 +2 2010 2010 0 0 11 0 0 5
+4 * 2010
+4 * 2010
+4 +2 2 2
+4 +1 2 2
+4 * 2
+4 * 2
+4 +2 2
+4 +4 2
+4 * 2
+4 -4 2 2
+4 * 2 0 0 1 0 0 1
+4 * 2 0 2
+4 +1 2 0 2
+4 +1 2 0 2
+4 +2 2
+4 * 2
+16 +7 2
+4 * 2 2
+4 * 2
+4 * 2
+4 * 2 2
+4 * 2
+4 * 2
+4 * 2 0 0 1 0 0 1
+4 -1 2
+4 +1 2 2
+4 -1 2
+4 +1 2
+4 * 2
+4 * 2
+4 +5 2 2
+4 * 2
+4 * 2 2
+4 * 2
+4 * 2
cfn=(11)
calls=2 +20 +1 
* * 30 24
+4 +1 2 2
+4 * 2
+4 * 2
+8 * 2
+4 * 2
+4 1999 2 2
+4 3940 2
+4 1999 2
+4 * 2 4
+4 4409 2
+4 * 2 4
+4 * 2 4
+4 * 2 4
+4 * 2 4
+4 * 2
0x91088 1999 16 32
+4 * 16 32
+4 * 16 32
+4 * 16 32
+4 4409 16
+4 * 16 32
+4 * 16 32
+4 * 16
-12 * 1996 0 0 1 0 0 1
+4 * 1996 3992
+4 * 1996 3992
+4 * 1996
0x91138 4001 2008 0 4016 1 0 0 1
+4 * 2008
cfn=(11)
calls=2008 0x90db8 -21 
* * 193796 47727 6562 4044 56 1498 49 9 1485
+4 +84 16
+4 +1 16
+4 * 16
+4 * 16
+4 +1 16 16 0 0 7 0 0 2
+4 +56 16
+4 * 16
+4 +9 16
+4 * 16
+4 -9 16
+4 * 16 16
+4 * 16
+4 * 16 0 16
+4 +1 16 0 32
+4 +2 16 0 16
+4 +1 16 0 16
+4 +6 16
-44 -10 2 0 0 1 0 0 1
+4 * 2
+4 +9 2
+4 * 2
+4 -9 2
+4 * 2 2
+4 * 2
+4 * 2 0 2
+4 +1 2 0 4
+4 +2 2 0 2
+4 +1 2 0 2
+4 +6 2
+40 3990 18 18
+4 * 18
+4 * 18
+4 4168 18
+4 +11 1988 0 0 1 0 0 1
+4 * 1988
+40 +73 1988 0 0 14 0 0 1
+4 +1 1988
+4 * 1988
+4 * 1988
+4 +2 1988
+4 -1 1988
+4 +1 1988
+4 -2 1988 0 0 14 0 0 1
+4 +3 1988
+4 -3 1988
+4 +3 1988
+4 +12 1988
+4 -13 1988 1988 0 0 1 0 0 1
+4 +6 1988
+4 * 1988
+4 * 1988
-8 * 16
+4 * 16
+4 * 16
+4 * 1976
cfn=(11)
calls=1976 0x91458 3854 
* * 115560 36758 6072 4002 44 1499 35 6 1487
+4 +16 168
+4 +1 168
+4 +1 168
+4 -4 200
+4 * 200
+4 +8 32 32
+4 +3 32
+4 * 32
+4 +2 16
+4 * 16
+4 * 16
+4 +1 16
+4 +1 16
+4 -2 16 0 16
+4 -27 16
cfn=(11)
calls=16 -72 * 
* * 2030 350 99 30 0 6 0 0 6
+4 -99 18 0 0 2 0 0 1
+4 * 18
+4 * 18
+4 * 18
0x91370 4019 38 38 0 1 0 0 1
+4 * 38
+4 * 38
+4 +2 36
+4 -1 36
+4 * 36
+4 +29 16 0 16
+4 +1 16 0 16
+4 +4 16
+4 * 16
+4 +29 16
+4 * 16
+12 +8 1 0 0 1 0 0 1
+4 * 1
cfn=(11)
calls=1 0x90ea8 +1 
* * 231 36 23 12 1 0 9
0x91440 +49 2 0 0 2
+4 * 2 0 4
+4 * 2
cfn=(11)
calls=2 0x91154 +3 
* * 385 71 42 17 0 0 9
+16 3854 1980 0 0 1971 0 0 1
+4 * 1980
cfn=(11)
calls=1980 +16 4265 
* * 111784 36824 6084 2035 44 1503 34 6 1491
+4 4268 4933
+4 * 4933 4933
+4 * 4933
+4 -3 6909
+4 * 6909
+4 * 6909
+4 4365 1976 1976
+4 +3 1976 1976
+4 -2 1976 1976 0 1976 20 0 1 1
+4 * 1976
+4 +2 1976
+4 * 1976
+4 +3 1976
+4 * 1976
+4 * 1976
+4 +17 4
+4 * 4 0 8
+4 * 4 4 0 0 4
+4 * 4
0x91544 -93 16 16 0 2 1 0 1
+4 * 16
+4 +3 16
+4 * 16
+4 +2 16
+4 +3 16
+4 * 16
cfn=(242)
calls=16 0x8e950 1620 
* * 346 138 68 4 0 0 3
+4 +3 16
+4 * 16
+4 +15 16 16
+4 -5 16
+4 +6 16 16
+4 * 16
+4 * 16
+4 +2 16 0 32 0 0 1
+4 +2 16 0 16 2 0 0 1
+4 +1 16 0 16
+4 +3 16
+4 * 16
+4 +1 16 0 16
+4 +1 16
+4 * 16
+4 +2 2 0 4
+4 +3 2
+4 * 2
+4 +2 2
+4 -2 2
+4 * 2
+4 * 2
+4 * 2
+4 * 2 0 2
+4 +2 2 0 2
+4 +1 2 0 2
+4 1999 2 2
+4 4343 2
+4 1999 2
-48 4337 14
+4 * 14
+4 +2 14
+4 -2 14
+4 * 14
+4 * 14
+4 * 14
+4 * 14 0 14
+4 +2 14 0 14
+4 +1 14 0 14
+4 1999 14 14
+4 4343 14
+4 1999 14
+44 4270 4 0 0 1 0 0 1
+4 * 4 0 0 1 0 0 1
+4 * 4
+4 +1 4
+4 -1 4
+4 * 4
+4 +1 4
cfn=(11)
calls=4 0x91234 +4 
* * 478 95 40 10 0 2 5 0 2
0x91770 4376 1972 0 0 1 0 0 1
+4 * 1972
+4 * 1972
+4 -2 1972
+4 +2 1972 0 0 1 0 0 1
+4 -3 1972
+4 +2 1972 0 1972
+4 +6 1972
+4 -5 1972
+4 +2 1972
+4 -2 1972
+4 * 1972 0 1972
+4 +6 1972
+4 -4 1972 0 1972 0 0 1485 0 0 1485
+4 +4 1972
+4 +23 1972
cfn=(12)
calls=1972 0x8e300 1999 
* * 7888 1972 0 1 0 0 1
* * 24
cfn=(12)
calls=24 0x8e300 1999 
* * 96 24
+4 * 1996 3992
+4 * 1996 3992
+4 * 1996 3992
+4 * 1996 3992
+4 * 1996 0 0 1 0 0 1
cfn=(11)
calls=1996 0x91098 +4 
* * 7984 7984 0 1 0 0 1
0x91890 -2 4 0 0 1 0 0 1
+4 * 4
+4 * 4
cfn=(234)
calls=4 0x903f0 2542 
* * 752 228 120 41 20 16 20 5 4
+32 4025 20
+4 +1 20 0 40
+4 -2 20 0 0 1 0 0 1
+4 +3 20 0 20
+4 +1 20 0 40
+4 +1 20
+4 * 20
+4 +2 12 0 24
+4 +4 12
+4 * 12
+4 +2 12
+4 -2 12
+4 +6 12
+4 -6 12
+4 +7 12
+4 * 12
+4 -7 12
+4 * 12
+4 * 12 0 12 2 0 0 1
+4 +2 12 0 12
+4 +1 12 0 12
+4 +4 12
cfn=(11)
calls=12 0x917ac 4405 
* * 168 156
-52 -7 8
+4 * 8
+4 +2 8
+4 -2 8
+4 +6 8
+4 -6 8
+4 +7 8
+4 * 8
+4 -7 8
+4 * 8
+4 * 8 0 8
+4 +2 8 0 8
+4 +1 8 0 8
+4 +4 8
cfn=(11)
calls=8 0x917ac 4405 
* * 112 104

fn=(156) _int_free
0x8fa84 4417 7010 0 0 1 0 0 1
+4 * 7010 0 14020
+4 * 7010
+4 * 7010 0 14020
+4 * 7010
+4 * 7010
+4 * 7010
+4 * 7010 7010
+4 * 7010 0 14020
+4 +10 7010 7010
+4 -10 7010 7010
+4 * 7010 0 7010
+4 * 7010
+4 +10 7010 0 14020
+4 * 7010
+4 +6 7010 0 0 1 0 0 1
+4 * 7010 0 14020
+4 * 7010
+4 * 7010
+4 +1 7010
+4 * 7010
+4 +4 7010
+4 * 7010
+4 * 7010
+4 * 7010
+4 +8 7010
+4 * 7010
+4 * 7010 7010
+4 * 7010
+4 * 7010
+4 * 7010
+4 * 7010 7010 0 1 0 0 1
+4 * 7010
+4 * 7010
+4 * 7010
+4 -1 7010
+4 +10 7010
+4 -9 7010 7010
+4 -1 7010
+4 +1 7010
+4 * 7010
+4 +9 7008
+4 -6 7008
+4 +6 7008 7008
+4 * 7008 7008
+4 +9 7008 7008
+4 -9 7008
+4 * 7008 0 0 1 0 0 1
+4 +20 7008
+4 * 7008 7008
+4 * 7008
+4 * 7008
+4 1804 2
+4 4489 2 2
+4 * 2
+4 * 2
0x8fbe8 4698 2
+4 * 2 2
+4 * 2 2
+4 * 2 2
+4 * 2
+4 * 2
+4 * 2
+4 * 2 4
+4 * 2 4
+4 * 2 4
+4 * 2 4
+4 * 2 4
+4 * 2
+4 * 2
+4 4565 2
+4 +3 2
+4 * 2
+4 +3 2
+4 * 2 0 2
+4 -3 2 2 0 0 1 0 0 1
+4 * 2
+4 * 2
+4 +3 2 0 0 1 0 0 1
+4 * 2
+4 +7 2 2
+4 -4 2
+4 +4 2
+4 * 2
+4 +3 2 2
+4 * 2
+4 +5 2 2 0 0 1
+4 * 2
+4 +3 2
+4 +1 2
+4 * 2
+4 +1 2 2
+4 * 2
+4 * 2
+4 2006 2 2 0 2 0 0 1
+4 * 2
+4 4597 2 2
+4 * 2
+40 +9 2 2
+4 * 2
+4 * 2
+4 +2 2 0 0 1 0 0 1
+4 * 2 2 0 0 2
+4 +3 2
+4 +4 2 2
+4 * 2
+4 * 2 0 2
+4 +9 2 2
+4 -1 2
+4 +2 2 2
+4 * 2
+4 * 2
+4 +3 2 0 4
+4 +9 2
+4 -8 2
+4 * 2
+4 +2 2 0 4
+4 +3 2 0 2 1 0 0 1
+4 +1 2 0 2
+4 +2 2 0 2
+4 +1 2 0 2
+4 +30 2
+4 * 2
+4 * 2
0x8ff24 3175 7008 0 0 1 0 0 1
+4 +4 7008
+4 -2 7008 7008 0 0 5 0 0 5
+4 * 7008
+4 -2 7008 0 14016
+4 +3 7008 0 7008
+4 +1 7008 0 7008
+4 4478 7008 0 0 1 0 0 1
cfn=(157) _int_free'2
calls=7008 0x8fbe8 4698 
* * 98112 91104 0 2 0 0 2
0x8ffd0 4688 2 2 0 1 0 0 1
+4 * 2
0x901c8 4583 2 2 0 2 1 0 1
+4 * 2
+4 * 2
+4 -2 2
+4 * 2
0x92a9c 3388 7008 0 7008
+4 +1 7008 14016
+4 * 7008 14016
+4 * 7008 7008
+4 * 7008 14016
+4 * 7008

fn=(157)
0x8fbe8 4698 7008 0 0 1 0 0 1
+4 * 7008 7008
+4 * 7008 7008
+4 * 7008 7008
+4 * 7008
+4 * 7008
+4 * 7008 0 0 1 0 0 1
+4 * 7008 14016
+4 * 7008 14016
+4 * 7008 14016
+4 * 7008 14016
+4 * 7008 14016
+4 * 7008
+4 * 7008

fn=(152) free
fi=(8) /usr/include/c++/12/bits/new_allocator.h
0x16a8c 159 7000
+4 * 7000 14000
+4 * 7000
0x16d90 * 10
+4 * 10 20
+4 * 10
fe=(4)
0x929c4 3350 7010 0 0 1 0 0 1
+4 -4 7010 0 14020
+4 * 7010
+4 * 7010 0 14020
+4 +9 7010
+4 * 7010
+4 -9 7010 0 14020
+4 +12 7010
+4 +2 7010
+4 -5 7010 7010
+4 -9 7010 0 7010
+4 +12 7010
+4 * 7010 7010 0 0 1 0 0 1
+4 * 7010 7010 0 0 1 0 0 1
+4 -3 7010
+4 +7 7010 7010 0 1 6 0 1
+4 * 7010
+72 +17 7010 0 0 1 0 0 1
+4 * 7010 7010
+4 * 7010
+4 * 7010 7010
+4 * 7010
+4 +3 7010
+4 * 7010 7010
+4 * 7010
fi=(5)
+4 162 7010
+72 * 7010 0 0 1 0 0 1
+4 * 7010
+4 * 7010
cfi=(4)
cfn=(153) free'2
calls=7010 -44 3385 
* * 581922 217330 112172 16 10 0 14 6
fe=(4)

fn=(153)
0x92a90 3385 7010
+4 * 7010
+4 * 7010
cfn=(156)
calls=7010 0x8fa84 4417 
* * 560880 217316 112170 16 10 0 14 6
+4 +3 2 0 2
+4 +1 2 4
+4 * 2 4
+4 * 2 2
+4 * 2 4
+4 * 2

fl=(18)
fn=(56)
0x3f450 288 100000 0 0 1979 0 0 1
+4 +3 100000
+4 -3 100000
+4 * 100000 100000 0 0 1 0 0 1
+4 * 100000 0 200000
+4 * 100000
+4 * 100000 0 200000
+4 +3 100000
+4 * 100000
+4 -3 100000 100000
+4 * 100000 0 100000
+4 * 100000
+4 +3 100000 0 0 1971 0 0 1
+4 * 100000
+4 * 100000
cfi=(19)
cfn=(58)
calls=100000 0x1363d0 0 
* * 1100225 200045 100045 24 2 0 2 2
+4 * 100000
+4 +2 100000
+4 +2 100000
+4 -2 100000
+4 * 100000
+4 * 100000
cfi=(20) ./stdlib/./stdlib/random_r.c
cfn=(60) random_r
calls=100000 0x3f8d0 +64 
* * 2387100 700000 400000 3 5 0 3 5
+4 +2 100000
+4 * 100000
+4 * 100000
cfi=(19)
cfn=(62)
calls=100000 0x1366b0 0 
* * 900012 200004 100004 2 0 0 2
+4 * 100000
+4 * 100000
+4 +3 100000
+4 * 100000 100000
+4 -1 100000 100000 0 2 0 0 1
+4 +1 100000 100000
+4 * 100000 100000
+4 * 100000
+4 * 100000
+4 * 100000
+4 * 100000 200000
+4 * 100000 200000
+4 * 100000
+4 * 100000

fl=(29) ./string/../sysdeps/aarch64/multiarch/memmove.c
fn=(138) memmove
0x967f0 41 1 0 0 1 0 0 1
+4 * 1 1
+4 +2 1 1
+4 * 1
+4 -2 1 1 0 1 0 0 1
+4 +5 1 1
+4 +2 1
+4 -2 1
+4 +7 1
+4 * 1
+4 +3 1
+4 * 1
0x96880 +3 1 0 0 1 0 0 1
+4 * 1
+4 +3 1

fl=(34)
fn=(236)
0x8f970 26 4 0 0 3 0 0 1
+4 * 4 4
+4 * 4
+4 -1 4 0 8 0 0 4
+4 * 4 0 0 1 0 0 1
+4 +4 4
cfi=(35) ./misc/./misc/sbrk.c
cfn=(238) sbrk
calls=4 0xe3ad0 +8 
* * 136 36 24 8 8 0 5 2
+4 +1 4
+4 * 4
+4 +4 4 8
+4 * 4

fl=(35)
fn=(238)
0xe3ad0 37 4 0 8 1 0 0 1
+4 +6 4
+4 -6 4
+4 +6 4 4
+4 -6 4 0 4
+4 +3 4
+4 * 4 4 0 0 4 0 0 1
+4 -3 4 0 8
+4 * 4
+4 +3 4 4 0 0 4 0 0 1
+4 +3 4
+40 +15 4 0 0 1 0 0 1
+20 +4 4
+4 * 4
+4 +4 4
+4 * 4 0 0 1 0 0 1
+4 * 4
+64 +8 4 0 0 1 0 0 1
cfi=(36)
cfn=(240)
calls=4 0xe3a80 -38 
* * 40 4 4 4 0 0 1
+4 * 4
+4 +4 4 4
+4 * 4
+4 * 4 8
+4 * 4 8
+4 * 4

fl=(20)
fn=(60)
0x3f8d0 357 100000 0 0 1 0 0 1
+4 * 100000
+4 * 100000
+4 +5 100000 100000 0 0 1 0 0 1
+4 -2 100000 100000
+4 +2 100000
+4 +13 100000 200000
+4 -3 100000 100000 0 0 1 0 0 1
+4 +3 100000 100000 0 0 1 0 0 1
+4 * 100000
+4 * 100000 100000 0 0 2 0 0 2
+4 * 100000
+4 * 100000 0 100000 1 0 0 1
+4 +2 100000
+4 * 100000 0 100000
+4 +2 100000
+4 * 100000
+4 +8 96775
+4 * 96775
+4 -27 3225
+4 +27 3225
+4 +4 3225 0 6450
+4 +2 3225
+4 +5 3225
-8 -7 3225 0 6450
+4 +2 3225
+4 +5 3225
+44 -5 93550 0 0 1 0 0 1
+4 -2 93550 0 187100
+4 * 93550
cfn=(61) random_r'2
calls=93550 -56 +2 
* * 187100

fn=(61)
0x3f928 393 93550
+4 +5 93550

ob=(1) /home/pi/Desktop/LAB2_RTS/bin/sensor_rpi
fl=(21) /usr/include/c++/12/bits/move.h
fn=(66) std::remove_reference<int&>::type&& std::move<int&>(int&)
0x15f38 104 100000 0 0 1 0 0 1
+4 * 100000 0 100000
+4 +1 100000 100000 0 1 0 0 1
+4 * 100000
+4 * 100000

fn=(198) double const& std::forward<double const&>(std::remove_reference<double const&>::type&)
0x167c0 77 2011 0 0 1 0 0 1
+4 * 2011 0 2011
+4 +1 2011 2011
+4 * 2011
+4 * 2011

fn=(74) int&& std::forward<int>(std::remove_reference<int>::type&)
0x16424 77 308000 0 0 12 0 0 1
+4 * 308000 0 308000
+4 +1 308000 308000
+4 * 308000
+4 * 308000

fl=(23) /usr/include/c++/12/bits/stl_iterator.h
fn=(188) __gnu_cxx::__normal_iterator<double*, std::vector<double, std::allocator<double> > >::difference_type __gnu_cxx::operator-<double*, std::vector<double, std::allocator<double> > >(__gnu_cxx::__normal_iterator<double*, std::vector<double, std::allocator<double> > > const&, __gnu_cxx::__normal_iterator<double*, std::vector<double, std::allocator<double> > > const&)
0x16938 1330 11 0 22
+4 * 11
+4 * 11 0 11 2 0 0 2
+4 * 11 0 11
+4 * 11 0 11
+4 +3 11 11
+4 * 11
cfn=(190) __gnu_cxx::__normal_iterator<double*, std::vector<double, std::allocator<double> > >::base() const
calls=11 0x169e4 1158 
* * 55 11 11 1 0 0 1
+4 * 11 11
+4 * 11 11
+4 * 11
cfn=(190)
calls=11 0x169e4 1158 
* * 55 11 11
+4 * 11 11
+4 * 11
+4 * 11
+4 * 11 11
+4 * 11 22
+4 * 11

fn=(100) __gnu_cxx::__normal_iterator<int*, std::vector<int, std::allocator<int> > >::difference_type __gnu_cxx::operator-<int*, std::vector<int, std::allocator<int> > >(__gnu_cxx::__normal_iterator<int*, std::vector<int, std::allocator<int> > > const&, __gnu_cxx::__normal_iterator<int*, std::vector<int, std::allocator<int> > > const&)
0x16bfc 1330 8000 0 16000
+4 * 8000 0 0 1 0 0 1
+4 * 8000 0 8000
+4 * 8000 0 8000
+4 * 8000 0 8000
+4 +3 8000 8000
+4 * 8000
cfn=(102) __gnu_cxx::__normal_iterator<int*, std::vector<int, std::allocator<int> > >::base() const
calls=8000 0x16ca8 1158 
* * 40000 8000 8000 4 0 0 1
+4 * 8000 8000
+4 * 8000 8000
+4 * 8000
cfn=(102)
calls=8000 0x16ca8 1158 
* * 40000 8000 8000
+4 * 8000 8000
+4 * 8000
+4 * 8000
+4 * 8000 8000
+4 * 8000 16000
+4 * 8000

fn=(102)
0x16ca8 1158 32000 0 0 4 0 0 1
+4 * 32000 0 32000
+4 +1 32000 32000
+4 * 32000
+4 * 32000

fn=(166) __gnu_cxx::__normal_iterator<double*, std::vector<double, std::allocator<double> > >::__normal_iterator(double* const&)
0x16820 1072 22 0 0 1 0 0 1
+4 * 22 0 22
+4 * 22 0 22
+4 +1 22 22
+4 * 22 22
+4 * 22 22
+4 * 22 0 22
+4 * 22
+4 * 22 0 0 1 0 0 1
+4 * 22

fn=(72) __gnu_cxx::__normal_iterator<int*, std::vector<int, std::allocator<int> > >::__normal_iterator(int* const&)
0x16ae4 1072 16000 0 0 1 0 0 1
+4 * 16000 0 16000
+4 * 16000 0 16000
+4 +1 16000 16000
+4 * 16000 16000
+4 * 16000 16000
+4 * 16000 0 16000
+4 * 16000 0 0 1 0 0 1
+4 * 16000
+4 * 16000

fn=(190)
0x169e4 1158 44 0 0 1 0 0 1
+4 * 44 0 44
+4 +1 44 44
+4 * 44
+4 * 44

fl=(6) /usr/include/c++/12/bits/stl_vector.h
fn=(16) std::vector<int, std::allocator<int> >::vector()
0x15c20 526 1000 0 2000 1 0 0 1
+4 * 1000
+4 * 1000 0 1000
+4 * 1000 1000
+4 * 1000
cfn=(18) std::_Vector_base<int, std::allocator<int> >::_Vector_base()
calls=1000 -48 312 
* * 42000 13000 14000 8 0 0 5
+4 * 1000
+4 * 1000 2000
+4 * 1000

fn=(122) std::vector<int, std::allocator<int> >::_S_relocate(int*, int*, int*, std::allocator<int>&)
fi=(22) /usr/include/c++/12/bits/vector.tcc
0x165a8 474 7000 0 7000
+4 +3 7000 7000
+4 * 7000
+4 * 7000 0 7000
+4 +2 7000
+4 * 7000
cfi=(23)
cfn=(102)
calls=7000 0x16ca8 1158 
* * 35000 7000 7000
+4 * 7000 7000
+4 +1 7000 7000
+4 * 7000
cfi=(6)
cfn=(120) std::_Vector_base<int, std::allocator<int> >::_M_get_Tp_allocator()
calls=7000 0x16cbc 298 
* * 35000 7000 7000
+4 -1 7000
+4 * 7000 7000
+4 * 7000 7000
+4 * 7000
+4 * 7000
cfi=(6)
cfn=(123) std::vector<int, std::allocator<int> >::_S_relocate(int*, int*, int*, std::allocator<int>&)'2
calls=7000 0x16c74 +20 
* * 595000 210000 217000
+4 * 7000 0 7000
+4 * 7000
cfn=(77) void std::vector<int, std::allocator<int> >::_M_realloc_insert<int>(__gnu_cxx::__normal_iterator<int*, std::vector<int, std::allocator<int> > >, int&&)'2
calls=7000 0x1664c +30 
* * 1379569 497199 308098 15 20 0 15 15
fe=(6)
0x16c74 +20 9000 0 18000
+4 * 9000
+4 * 9000 0 9000
+4 * 9000 0 9000
+4 * 9000 0 9000
+4 * 9000 0 9000
+4 +8 9000 9000
+4 * 9000 9000
+4 * 9000 9000
+4 * 9000 9000
+4 * 9000
cfn=(124) std::vector<int, std::allocator<int> >::_S_do_relocate(int*, int*, int*, std::allocator<int>&, std::integral_constant<bool, true>)
calls=9000 0x16f48 -20 
* * 867602 295206 262102 59 16 3222 17 13 3222
+4 +2 2000 4000
+4 * 2000

fn=(123)
0x16c74 499 7000 0 14000
+4 * 7000
+4 * 7000 0 7000
+4 * 7000 0 7000
+4 * 7000 0 7000
+4 * 7000 0 7000
+4 +8 7000 7000
+4 * 7000 7000
+4 * 7000 7000
+4 * 7000 7000
+4 * 7000
cfn=(124)
calls=7000 0x16f48 -20 
* * 504000 168000 175000
+4 +2 7000 14000
+4 * 7000

fn=(210) std::vector<double, std::allocator<double> >::_S_relocate(double*, double*, double*, std::allocator<double>&)
fi=(22)
0x16234 474 10 0 10
+4 +3 10 10
+4 * 10
+4 * 10 0 10 2 0 0 1
+4 +2 10
+4 * 10
cfi=(23)
cfn=(190)
calls=10 0x169e4 1158 
* * 50 10 10
+4 * 10 10
+4 +1 10 10
+4 * 10
cfi=(6)
cfn=(208) std::_Vector_base<double, std::allocator<double> >::_M_get_Tp_allocator()
calls=10 0x16084 298 
* * 50 10 10
+4 -1 10
+4 * 10 10
+4 * 10 10
+4 * 10
+4 * 10
cfi=(6)
cfn=(211) std::vector<double, std::allocator<double> >::_S_relocate(double*, double*, double*, std::allocator<double>&)'2
calls=10 0x169b0 +20 
* * 850 300 310
+4 * 10 0 10
+4 * 10
cfn=(169) void std::vector<double, std::allocator<double> >::_M_realloc_insert<double const&>(__gnu_cxx::__normal_iterator<double*, std::vector<double, std::allocator<double> > >, double const&)'2
calls=10 0x162d8 +30 
* * 2062 730 452 11 8 0 8 3
fe=(6)
0x169b0 +20 12 0 24
+4 * 12
+4 * 12 0 12
+4 * 12 0 12
+4 * 12 0 12
+4 * 12 0 12
+4 +8 12 12
+4 * 12 12
+4 * 12 12
+4 * 12 12
+4 * 12
cfn=(212) std::vector<double, std::allocator<double> >::_S_do_relocate(double*, double*, double*, std::allocator<double>&, std::integral_constant<bool, true>)
calls=12 0x16e5c -20 
* * 2103 867 819 25 110 121 4 0 121
+4 +2 2 4
+4 * 2

fn=(211)
0x169b0 499 10 0 20
+4 * 10
+4 * 10 0 10
+4 * 10 0 10
+4 * 10 0 10
+4 * 10 0 10
+4 +8 10 10
+4 * 10 10
+4 * 10 10
+4 * 10 10
+4 * 10
cfn=(212)
calls=10 0x16e5c -20 
* * 720 240 250
+4 +2 10 20
+4 * 10

fn=(82) std::_Vector_base<int, std::allocator<int> >::_M_get_Tp_allocator() const
0x171d4 303 16000 0 0 13 0 0 1
+4 * 16000 0 16000
+4 +1 16000 16000
+4 * 16000
+4 * 16000

fn=(84) std::vector<int, std::allocator<int> >::_S_max_size(std::allocator<int> const&)
0x1719c 1911 16000 0 32000 1 0 0 1
+4 * 16000
+4 * 16000 0 16000
+4 +5 16000
+4 * 16000 0 16000
+4 +2 16000 16000
+4 * 16000
cfi=(24) /usr/include/c++/12/bits/alloc_traits.h
cfn=(86) std::allocator_traits<std::allocator<int> >::max_size(std::allocator<int> const&)
calls=16000 0x17460 547 
* * 304000 96000 112000 1993 0 0 4
+4 * 16000 0 16000
+4 +1 16000
+4 * 16000
+4 * 16000
cfi=(25) /usr/include/c++/12/bits/stl_algobase.h
cfn=(92) unsigned long const& std::min<unsigned long>(unsigned long const&, unsigned long const&)
calls=16000 0x17358 230 
* * 192000 80000 32000 2 0 0 2
+4 * 16000 16000
+4 +1 16000 32000
+4 * 16000

fn=(204) std::vector<double, std::allocator<double> >::_S_use_relocate()
0x16124 478 22 0 44
+4 * 22
+4 +5 22
cfn=(206) std::vector<double, std::allocator<double> >::_S_nothrow_relocate(std::integral_constant<bool, true>)
calls=22 +16 -18 
* * 110 0 22
+4 * 22
+4 +1 22 44
+4 * 22

fn=(212)
0x169dc 509 10 20
+4 * 10
0x16e5c -22 22 0 44
+4 * 22
+4 * 22 0 22
+4 * 22 0 22
+4 * 22 0 22
+4 * 22 0 22
+4 * 22 0 22
+4 +3 22 22
+4 * 22 22
+4 * 22 22 0 1 0 0 1
+4 * 22 22
+4 * 22
cfi=(27) /usr/include/c++/12/bits/stl_uninitialized.h
cfn=(214) double* std::__relocate_a<double*, double*, std::allocator<double> >(double*, double*, double*, std::allocator<double>&)
calls=22 0x170d4 1127 
* * 2515 975 915 24 110 121 3 0 121
+4 +1 12 24
+4 * 12

fn=(20) std::_Vector_base<int, std::allocator<int> >::_Vector_impl::_Vector_impl()
0x15ca0 137 1000 0 2000 4 0 0 1
+4 * 1000
+4 * 1000 0 1000
+4 +2 1000 1000
+4 * 1000
cfi=(7) /usr/include/c++/12/bits/allocator.h
cfn=(22) std::allocator<int>::allocator()
calls=1000 0x15eb0 +17 
* * 13000 3000 4000 3 0 0 3
+4 * 1000 1000
+4 * 1000
cfn=(26) std::_Vector_base<int, std::allocator<int> >::_Vector_impl_data::_Vector_impl_data()
calls=1000 0x15ed0 -40 
* * 11000 3000 4000
+4 +1 1000
+4 * 1000 2000 0 1 0 0 1
+4 * 1000

fn=(70) std::vector<int, std::allocator<int> >::end()
0x16470 888 8000 0 16000 7 0 0 1
+4 * 8000
+4 * 8000 0 8000
+4 +1 8000 8000
+4 * 8000 0 0 1 0 0 1
+4 * 8000
+4 * 8000
cfi=(23)
cfn=(72)
calls=8000 0x16ae4 1072 
* * 80000 24000 24000 2 0 0 2
+4 * 8000 8000
+4 * 8000 16000
+4 * 8000

fn=(94) std::vector<int, std::allocator<int> >::size() const
0x15cf8 987 134000
+4 * 134000 0 134000
+4 +1 134000 134000 0 1 0 0 1
+4 * 134000 134000
+4 * 134000 134000
+4 * 134000 134000
+4 * 134000
+4 * 134000
+4 * 134000
+4 * 134000

fn=(184) std::vector<double, std::allocator<double> >::size() const
0x16dd4 987 44
+4 * 44 0 44
+4 +1 44 44
+4 * 44 44
+4 * 44 44
+4 * 44 44
+4 * 44
+4 * 44
+4 * 44
+4 * 44

fn=(186) std::vector<double, std::allocator<double> >::begin()
0x16914 868 11 0 22
+4 * 11
+4 * 11 0 11
+4 +1 11 11
+4 * 11
+4 * 11
cfi=(23)
cfn=(166)
calls=11 0x16820 1072 
* * 110 33 33
+4 * 11 11
+4 * 11 22
+4 * 11

fn=(80) std::vector<int, std::allocator<int> >::max_size() const
0x16f00 993 16000 0 32000 1 0 0 1
+4 * 16000
+4 * 16000 0 16000
+4 +1 16000 16000
+4 * 16000
cfn=(82)
calls=16000 0x171d4 303 
* * 80000 16000 16000 13 0 0 1
+4 * 16000
cfn=(84)
calls=16000 0x1719c 1911 
* * 720000 240000 224000 1996 0 0 7
+4 * 16000 32000
+4 * 16000

fn=(118) std::vector<int, std::allocator<int> >::_S_nothrow_relocate(std::integral_constant<bool, true>)
0x164b0 465 16000
+4 * 16000 0 16000
+4 +5 16000
+4 +1 16000
+4 * 16000

fn=(120)
0x16cbc 298 16000
+4 * 16000 0 16000 1 0 0 1
+4 +1 16000 16000
+4 * 16000
+4 * 16000

fn=(164) std::vector<double, std::allocator<double> >::end()
0x160fc 888 11 0 22 1 0 0 1
+4 * 11 0 0 1 0 0 1
+4 * 11 0 11
+4 +1 11 11
+4 * 11
+4 * 11
+4 * 11
cfi=(23)
cfn=(166)
calls=11 0x16820 1072 
* * 110 33 33 2 0 0 2
+4 * 11 11
+4 * 11 22
+4 * 11

fn=(206)
0x1613c 465 22
+4 * 22 0 22
+4 +5 22
+4 +1 22
+4 * 22

fn=(208)
0x16084 298 22 0 0 1 0 0 1
+4 * 22 0 22
+4 +1 22 22
+4 * 22
+4 * 22

fn=(170) std::vector<double, std::allocator<double> >::_M_check_len(unsigned long, char const*) const
fi=(22)
0x1617c 449 1 0 1
+4 +1 1 1 0 1 0 0 1
+4 * 1 1
+4 * 1 0 1
+4 +1 1 1
+4 * 1 1
+4 * 1 0 1
+4 +1 1 1
+4 * 1
cfi=(6)
cfn=(186)
calls=1 0x16914 868 
* * 19 7 6
+4 * 1 0 1
+4 * 1
+4 * 1
+4 * 1
cfi=(23)
cfn=(188)
calls=1 0x16938 1330 
* * 26 9 7 2 0 0 2
+4 * 1 0 1
+4 +1 1 1
+4 * 1 1
+4 * 1
cfi=(6)
cfn=(192) std::_Vector_base<double, std::allocator<double> >::_M_allocate(unsigned long)
calls=1 0x16978 -78 
* * 474 151 131 17 0 0 17
fe=(6)
0x16848 1891 11 0 22
+4 * 11
+4 * 11 0 11
+4 * 11 0 11
+4 * 11 0 11
+4 * 11 0 11
+4 +2 11 11
+4 * 11
cfn=(172) std::vector<double, std::allocator<double> >::max_size() const
calls=11 0x16db4 993 
* * 638 209 198 6 0 0 5
+4 * 11
+4 * 11 11
+4 * 11
cfn=(184)
calls=11 0x16dd4 987 
* * 110 44 11
+4 * 11
+4 * 11 11
+4 * 11
+4 * 11 0 0 1 0 0 1
+4 * 11
+4 * 11
+4 * 11
+12 +3 11 11
+4 * 11
cfn=(184)
calls=11 0x16dd4 987 
* * 110 44 11
+4 * 11
+4 * 11 11
+4 * 11
cfn=(184)
calls=11 0x16dd4 987 
* * 110 44 11
+4 * 11 0 11
+4 * 11
+4 * 11
+4 * 11
cfi=(25)
cfn=(96) unsigned long const& std::max<unsigned long>(unsigned long const&, unsigned long const&)
calls=11 0x16dfc 254 
* * 220 87 42 2 0 0 2
+4 * 10 10
+4 * 10
+4 * 10 0 10
+4 +1 10 10
+4 * 10
cfn=(184)
calls=10 0x16dd4 987 
* * 100 40 10
+4 * 10
+4 * 10 10
+4 * 10
+4 * 10
+4 * 10 10
+4 * 10
cfn=(172)
calls=10 0x16db4 993 
* * 580 190 180
+4 * 10
+4 * 10 10
+4 * 10
+4 * 10
+16 * 10 10 0 1 0 0 1
+4 +1 10 10
+4 * 10 20
+4 * 10

fn=(220) std::_Vector_base<double, std::allocator<double> >::_M_deallocate(double*, unsigned long)
0x16048 383 11 0 22 1 0 0 1
+4 * 11
+4 * 11 0 11
+4 * 11 0 11
+4 * 11 0 11
+4 +3 11 11
+4 * 11
+4 * 11
+4 +1 10 10
+4 * 10 10
+4 * 10 10
+4 * 10
cfi=(24)
cfn=(230) std::allocator_traits<std::allocator<double> >::deallocate(std::allocator<double>&, double*, unsigned long)
calls=10 0x16768 495 
* * 1512 510 342 10 8 0 8 3
+4 +1 1
+4 * 1 2
+4 * 1
fi=(22)
0x16330 515 10 10
+4 * 10 10
+4 * 10 0 10
+4 +1 10 10
+4 * 10 10
+4 * 10 0 10
+4 +1 10 10
+4 * 10
+4 * 10 10
+4 * 10
+4 * 10 10
+4 * 10 0 10
+4 +1 10
cfn=(169)
calls=10 0x163d4 * 
* * 30 40
fe=(6)

fn=(162) std::vector<double, std::allocator<double> >::push_back(double const&)
fi=(1) /home/pi/Desktop/LAB2_RTS/src/sensor_data_processing.cpp
cfi=(1)
cfn=(3) generate_sensor_data()'2
calls=1 0x15858 15 
0x15a4c 48 32954359 10251995 7028467 13091 237 8163 51 16 7904
fi=(1)
0x15a4c 48 10 2 2
fe=(6)
0x15e30 1276 1 0 2 1 0 0 1
+4 * 1
+4 * 1 0 1
+4 * 1 0 1
+4 +2 1 1 0 1 0 0 1
+4 * 1 1
+4 * 1 1
+4 * 1 1
+4 * 1
+4 * 1
+56 +9 1 1
+4 * 1
cfn=(164)
calls=1 0x160fc 888 
* * 20 7 6 4 0 0 4
+4 * 1 1
+4 * 1
+4 * 1 1
+4 * 1
cfi=(22)
cfn=(168) void std::vector<double, std::allocator<double> >::_M_realloc_insert<double const&>(__gnu_cxx::__normal_iterator<double*, std::vector<double, std::allocator<double> > >, double const&)
calls=1 0x16150 439 
* * 765 250 206 29 0 0 29

fn=(163) std::vector<double, std::allocator<double> >::push_back(double const&)'2
fi=(1)
cfi=(1)
cfn=(3)
calls=998 0x15858 15 
0x15a4c 48 16439688850 5114355395 3506121074 6455932 97378 4065987 10902 3253 3931773
fi=(1)
0x15a4c 48 10002 1998 2004 1 0 0 1
fe=(6)
0x15e30 1276 999 0 1998
+4 * 999
+4 * 999 0 999
+4 * 999 0 999
+4 +2 999 999
+4 * 999 999
+4 * 999 999
+4 * 999 999
+4 * 999
+4 * 999
+4 +3 989 989
+4 * 989 989
+4 * 989 989
+4 * 989 989
+4 * 989
+4 * 989
+4 * 989
cfi=(24)
cfn=(200) void std::allocator_traits<std::allocator<double> >::construct<double, double const&>(std::allocator<double>&, double*, double const&)
calls=989 0x160c4 511 
* * 48461 13846 15824 0 0 146 0 0 116
+4 +2 989 989
+4 * 989 989
+4 * 989
+4 * 989 989
+4 * 989 0 989
+4 +5 989
cfn=(163)
calls=989 +28 * 
* * 2967 1978
+4 -1 10 10
+4 * 10
cfn=(164)
calls=10 0x160fc 888 
* * 200 70 60
+4 * 10 10
+4 * 10
+4 * 10 10
+4 * 10
cfi=(22)
cfn=(168)
calls=10 0x16150 439 
* * 11029 3714 2981 68 126 131 11 8 131
+4 +1 989
+4 * 989 1978
+4 * 989

fn=(172)
0x16db4 993 22 0 44 1 0 0 1
+4 * 22
+4 * 22 0 22
+4 +1 22 22
+4 * 22
cfn=(174) std::_Vector_base<double, std::allocator<double> >::_M_get_Tp_allocator() const
calls=22 0x1704c 303 
* * 110 22 22 1 0 0 1
+4 * 22
cfn=(176) std::vector<double, std::allocator<double> >::_S_max_size(std::allocator<double> const&)
calls=22 0x17014 1911 
* * 990 330 308 4 0 0 3
+4 * 22 44
+4 * 22

fn=(26)
0x15ed0 99 1000
+4 * 1000 0 1000
+4 +1 1000 1000
+4 * 1000 0 1000
+4 * 1000 1000
+4 * 1000 0 1000
+4 * 1000 1000
+4 * 1000 0 1000
+4 +1 1000
+4 * 1000
+4 * 1000

fn=(104) std::_Vector_base<int, std::allocator<int> >::_M_allocate(unsigned long)
fi=(22)
0x16534 453 8000 0 8000
+4 +1 8000 8000
+4 * 8000 0 8000
+4 +8 8000 8000 0 1 0 0 1
+4 +1 8000 8000
+4 * 8000
+4 -1 8000 8000
+4 * 8000
+4 * 8000 8000
+4 * 8000
cfi=(21)
cfn=(74)
calls=8000 0x16424 77 
* * 40000 8000 8000
+4 * 8000
+4 * 8000
+4 * 8000
+4 * 8000
cfi=(24)
cfn=(110) void std::allocator_traits<std::allocator<int> >::construct<int, int>(std::allocator<int>&, int*, int&&)
calls=8000 0x16438 +49 
* * 392000 112000 128000 6 0 999 2 0 994
+4 +7 8000 0 8000
+4 +3 8000
cfi=(6)
cfn=(116) std::vector<int, std::allocator<int> >::_S_use_relocate()
calls=8000 0x16498 +6 
* * 88000 16000 24000 4
+4 * 8000
+4 * 8000
+4 * 8000
+4 +2 8000 0 0 1 0 0 1
+4 * 8000
cfi=(23)
cfn=(102)
calls=8000 0x16ca8 1158 
* * 40000 8000 8000
+4 * 8000 8000
+4 +1 8000 8000
+4 * 8000
cfi=(6)
cfn=(120)
calls=8000 0x16cbc 298 
* * 40000 8000 8000 1 0 0 1
+4 -1 8000
+4 * 8000 8000
+4 * 8000
+4 * 8000 8000
+4 * 8000
cfi=(6)
cfn=(122)
calls=8000 0x16c74 +25 
* * 3042171 1061405 845200 74 36 3222 32 28 3222
+4 * 1000 0 1000
+4 +3 1000 1000
+4 * 1000
+4 * 1000 0 1000
+4 +2 1000
+4 * 1000
cfi=(23)
cfn=(102)
calls=1000 0x16ca8 1158 
* * 5000 1000 1000
+4 * 1000 1000 0 1 0 0 1
+4 +1 1000 1000
+4 * 1000
cfi=(6)
cfn=(120)
calls=1000 0x16cbc 298 
* * 5000 1000 1000
+4 -1 1000
+4 * 1000 1000
+4 * 1000 1000
+4 * 1000
+4 * 1000
cfi=(6)
cfn=(122)
calls=1000 0x16c74 +20 
* * 85000 30000 31000
+4 * 1000 0 1000
+4 * 1000
cfn=(77)
calls=1000 0x1664c +30 
* * 54000 21000 11000 4 0 0 4
fe=(6)
0x16c3c 375 8000 0 16000
+4 * 8000 0 0 1 0 0 1
+4 * 8000 0 8000
+4 * 8000 0 8000
+4 +3 8000 8000
+4 * 8000
+4 * 8000
+4 * 8000 8000
+4 * 8000 8000
+4 * 8000
cfi=(24)
cfn=(106) std::allocator_traits<std::allocator<int> >::allocate(std::allocator<int>&, unsigned long)
calls=8000 0x16f20 +85 
* * 1167075 316775 218640 7029 91 1496 47 12 1483

fn=(105) std::_Vector_base<int, std::allocator<int> >::_M_allocate(unsigned long)'2
0x16c6c 379 8000 16000
+4 * 8000

fn=(174)
0x1704c 303 22 0 0 1 0 0 1
+4 * 22 0 22
+4 +1 22 22
+4 * 22
+4 * 22

fn=(176)
0x17014 1911 22 0 44 1 0 0 1
+4 * 22
+4 * 22 0 22
+4 +5 22
+4 * 22 0 22
+4 +2 22 22
+4 * 22
cfi=(24)
cfn=(178) std::allocator_traits<std::allocator<double> >::max_size(std::allocator<double> const&)
calls=22 0x1733c 547 
* * 418 132 154 3 0 0 2
+4 * 22 0 22
+4 +1 22
+4 * 22
+4 * 22
cfi=(25)
cfn=(92)
calls=22 0x17358 230 
* * 264 110 44
+4 * 22 22
+4 +1 22 44
+4 * 22

fn=(192)
fi=(22)
0x161c0 453 11 0 11 11 0 0 1
+4 +1 11 11
+4 * 11 0 11
+4 +8 11 11
+4 +1 11 11
+4 * 11
+4 -1 11 11
+4 * 11
+4 * 11 11
+4 * 11
cfi=(21)
cfn=(198)
calls=11 0x167c0 77 
* * 55 11 11 1 0 0 1
+4 * 11
+4 * 11
+4 * 11
+4 * 11
cfi=(24)
cfn=(200)
calls=11 0x160c4 +49 
* * 539 154 176 0 0 5 0 0 5
+4 +7 11 0 11
+4 +3 11
cfi=(6)
cfn=(204)
calls=11 0x16124 +6 
* * 121 22 33
+4 * 11 0 0 11 0 0 1
+4 * 11
+4 * 11
+4 +2 11
+4 * 11
cfi=(23)
cfn=(190)
calls=11 0x169e4 1158 
* * 55 11 11
+4 * 11 11
+4 +1 11 11
+4 * 11
cfi=(6)
cfn=(208)
calls=11 0x16084 298 
* * 55 11 11 1 0 0 1
+4 -1 11
+4 * 11 11
+4 * 11
+4 * 11 11
+4 * 11
cfi=(6)
cfn=(210)
calls=11 0x169b0 +25 
* * 5326 1989 1672 38 118 121 13 3 121
+4 * 1 0 1
+4 +3 1 1
+4 * 1
+4 * 1 0 1 1 0 0 1
+4 +2 1
+4 * 1
cfi=(23)
cfn=(190)
calls=1 0x169e4 1158 
* * 5 1 1
+4 * 1 1
+4 +1 1 1
+4 * 1
cfi=(6)
cfn=(208)
calls=1 0x16084 298 
* * 5 1 1
+4 -1 1
+4 * 1 1
+4 * 1 1
+4 * 1
+4 * 1
cfi=(6)
cfn=(210)
calls=1 0x169b0 +20 
* * 85 30 31
+4 * 1 0 1
+4 * 1
cfn=(169)
calls=1 0x162d8 +30 
* * 54 21 11 4 0 0 4
fe=(6)
0x16978 375 11 0 22
+4 * 11
+4 * 11 0 11 1 0 0 1
+4 * 11 0 11
+4 +3 11 11
+4 * 11
+4 * 11
+4 * 11 11
+4 * 11 11
+4 * 11
cfi=(24)
cfn=(194) std::allocator_traits<std::allocator<double> >::allocate(std::allocator<double>&, unsigned long)
calls=11 0x16e34 +85 
* * 1858 487 324 13 8 5 3 5 5

fn=(193) std::_Vector_base<double, std::allocator<double> >::_M_allocate(unsigned long)'2
0x169a8 379 11 22
+4 * 11

fn=(18)
0x15c00 312 1000 0 2000
+4 * 1000
+4 * 1000 0 1000
+4 * 1000 1000
+4 * 1000
cfn=(20)
calls=1000 0x15ca0 137 
* * 34000 10000 11000 8 0 0 5
+4 * 1000
+4 * 1000 2000
+4 * 1000

fn=(98) std::vector<int, std::allocator<int> >::begin()
0x16bd8 868 8000 0 16000
+4 * 8000
+4 * 8000 0 8000
+4 +1 8000 8000
+4 * 8000
+4 * 8000
cfi=(23)
cfn=(72)
calls=8000 0x16ae4 1072 
* * 80000 24000 24000
+4 * 8000 8000
+4 * 8000 16000
+4 * 8000

fn=(116)
0x16498 478 16000 0 32000 4
+4 * 16000
+4 +5 16000
cfn=(118)
calls=16000 +16 -18 
* * 80000 0 16000
+4 * 16000
+4 +1 16000 32000
+4 * 16000

fn=(124)
0x16ca0 509 7000 14000
+4 * 7000
0x16f48 -22 16000 0 32000
+4 * 16000
+4 * 16000 0 16000
+4 * 16000 0 16000
+4 * 16000 0 16000
+4 * 16000 0 16000
+4 * 16000 0 16000
+4 +3 16000 16000
+4 * 16000 16000
+4 * 16000 16000
+4 * 16000 16000
+4 * 16000
cfi=(27)
cfn=(126) int* std::__relocate_a<int*, int*, std::allocator<int> >(int*, int*, int*, std::allocator<int>&)
calls=16000 0x1725c 1127 
* * 1147602 367206 325102 59 16 3222 17 13 3222
+4 +1 9000 18000
+4 * 9000

fn=(132) std::_Vector_base<int, std::allocator<int> >::_M_deallocate(int*, unsigned long)
0x15efc 383 8000 0 16000
+4 * 8000
+4 * 8000 0 8000
+4 * 8000 0 8000
+4 * 8000 0 8000
+4 +3 8000 8000
+4 * 8000
+4 * 8000
+4 +1 7000 7000
+4 * 7000 7000
+4 * 7000 7000
+4 * 7000
cfi=(24)
cfn=(144) std::allocator_traits<std::allocator<int> >::deallocate(std::allocator<int>&, int*, unsigned long)
calls=7000 0x163f4 495 
* * 994569 343199 231098 15 20 0 15 15
+4 +1 1000
+4 * 1000 2000
+4 * 1000
fi=(22)
0x166a4 515 7000 7000
+4 * 7000 7000
+4 * 7000 0 7000
+4 +1 7000 7000
+4 * 7000 7000
+4 * 7000 0 7000
+4 +1 7000 7000
+4 * 7000
+4 * 7000 7000
+4 * 7000
+4 * 7000 7000
+4 * 7000 0 7000
+4 +1 7000
cfn=(77)
calls=7000 0x16748 * 
* * 21000 28000
fe=(6)

fn=(160) std::vector<int, std::allocator<int> >::operator[](unsigned long)
0x15d20 1121 100000
+4 * 100000 0 100000
+4 * 100000 0 100000
+4 +3 100000 100000
+4 * 100000 100000
+4 * 100000 100000
+4 * 100000
+4 * 100000
+4 +1 100000 0 0 1 0 0 1
+4 * 100000

fn=(64) std::vector<int, std::allocator<int> >::push_back(int&&)
fi=(1)
0x15890 19 1000 1000
+4 * 1000
cfn=(29) read_sensor_value()'2
calls=1000 -96 -8 
* * 27751407 8474163 6213859 12007 115 7903 71 41 7678
+24 -1 1000 1000
+4 * 1000
+4 * 1000 0 1000
+4 * 1000 1000
+4 * 1000
+4 * 1000
fe=(6)
0x15cc8 1293 1000 0 2000
+4 * 1000
+4 * 1000 0 1000
+4 * 1000 0 1000
+4 +1 1000 1000
+4 * 1000
cfi=(21)
cfn=(66)
calls=1000 0x15f38 104 
* * 5000 1000 1000 2 0 0 2
+4 * 1000
+4 * 1000 1000
+4 * 1000
cfi=(22)
cfn=(68) void std::vector<int, std::allocator<int> >::emplace_back<int>(int&&)
calls=1000 0x15f4c 111 
* * 814294 269064 219028 1107 13 1 45 0 1

fn=(65) std::vector<int, std::allocator<int> >::push_back(int&&)'2
fi=(1)
0x15890 19 98000 98000
+4 * 98000
cfn=(29)
calls=98000 -96 -8 
* * 1155496236 348870515 252684181 322173 3117 499862 1652 725 487630
+24 -1 99000 99000
+4 * 99000
+4 * 99000 0 99000
+4 * 99000 99000
+4 * 99000
+4 * 99000
+4 +4 1000 1000
+4 +1 1000 1000
+4 * 1000 2000
+4 * 1000
fe=(6)
0x15cc8 1293 99000 0 198000
+4 * 99000
+4 * 99000 0 99000
+4 * 99000 0 99000
+4 +1 99000 99000
+4 * 99000
cfi=(21)
cfn=(66)
calls=99000 0x15f38 104 
* * 495000 99000 99000
+4 * 99000
+4 * 99000 99000
+4 * 99000
cfi=(22)
cfn=(68)
calls=99000 0x15f4c 111 
* * 15188952 5303116 4035812 8062 114 7903 71 40 7678

fn=(78) std::vector<int, std::allocator<int> >::_M_check_len(unsigned long, char const*) const
fi=(22)
0x164f0 449 1000 0 1000
+4 +1 1000 1000
+4 * 1000 1000
+4 * 1000 0 1000
+4 +1 1000 1000 0 1 0 0 1
+4 * 1000 1000
+4 * 1000 0 1000
+4 +1 1000 1000
+4 * 1000
cfi=(6)
cfn=(98)
calls=1000 0x16bd8 868 
* * 19000 7000 6000
+4 * 1000 0 1000
+4 * 1000
+4 * 1000
+4 * 1000
cfi=(23)
cfn=(100)
calls=1000 0x16bfc 1330 
* * 26000 9000 7000 5 0 0 2
+4 * 1000 0 1000
+4 +1 1000 1000
+4 * 1000 1000
+4 * 1000
cfi=(6)
cfn=(104)
calls=1000 0x16c3c -78 
* * 474294 151064 131028 45 13 1 19 0 1
fe=(6)
0x16b0c 1891 8000 0 16000
+4 * 8000
+4 * 8000 0 8000
+4 * 8000 0 8000
+4 * 8000 0 8000
+4 * 8000 0 8000
+4 +2 8000 8000
+4 * 8000
cfn=(80)
calls=8000 0x16f00 993 
* * 464000 152000 144000 2010 0 0 9
+4 * 8000
+4 * 8000 8000
+4 * 8000
cfn=(94)
calls=8000 0x15cf8 987 
* * 80000 32000 8000 1 0 0 1
+4 * 8000
+4 * 8000 8000
+4 * 8000 0 0 1 0 0 1
+4 * 8000
+4 * 8000
+4 * 8000
+4 * 8000
+12 +3 8000 8000
+4 * 8000
cfn=(94)
calls=8000 0x15cf8 987 
* * 80000 32000 8000
+4 * 8000
+4 * 8000 8000
+4 * 8000
cfn=(94)
calls=8000 0x15cf8 987 
* * 80000 32000 8000
+4 * 8000 0 8000
+4 * 8000
+4 * 8000
+4 * 8000
cfi=(25)
cfn=(96)
calls=8000 0x16dfc 254 
* * 184000 72000 36000 4 0 0 4
+4 * 7000 7000
+4 * 7000
+4 * 7000 0 7000
+4 +1 7000 7000
+4 * 7000
cfn=(94)
calls=7000 0x15cf8 987 
* * 70000 28000 7000
+4 * 7000
+4 * 7000 7000
+4 * 7000
+4 * 7000
+4 * 7000 7000
+4 * 7000
cfn=(80)
calls=7000 0x16f00 993 
* * 406000 133000 126000
+4 * 7000
+4 * 7000 7000
+4 * 7000
+4 * 7000
+16 * 7000 7000
+4 +1 7000 7000
+4 * 7000 14000
+4 * 7000

fl=(1)
fn=(158) calculate_average(std::vector<int, std::allocator<int> >*)
0x158d4 25 1 0 2
+4 * 1
+4 * 1 0 1
+4 * 1 0 1
+4 +1 1 0 1
+4 +2 1 0 1
+4 * 1
cfn=(159) calculate_average(std::vector<int, std::allocator<int> >*)'2
calls=1 +52 * 
* * 4036 1415 502 3 0 0 3
0x159e8 +16 1 0 1
+4 +2 1
+4 * 1
+4 * 1
cfi=(6)
cfn=(162)
calls=1 0x15e30 1276 
* * 32955183 10252261 7028691 13127 237 8164 87 16 7905

fn=(159)
0x158d4 25 999 0 1998
+4 * 999
+4 * 999 0 999
+4 * 999 0 999
+4 +1 999 0 999
+4 +2 999 0 999
+4 * 999
cfn=(159)
calls=999 +52 * 
* * 4031964 1413585 501498 2
+4 +1 100000 100000
+4 * 100000
+4 * 100000 100000
+4 * 100000
cfi=(6)
cfn=(160)
calls=100000 0x15d20 1121 
* * 1000000 300000 200000 1 0 0 1
+4 * 100000 100000
+4 * 100000
+4 * 100000 100000
+4 * 100000
+4 * 100000 0 100000
+4 -1 100000 100000
+4 * 100000
+4 * 100000 0 100000
+4 * 100000 100000
+4 * 100000 100000
+4 * 100000
cfi=(6)
cfn=(94)
calls=100000 0x15cf8 987 
* * 1000000 400000 100000
-8 * 1000 1000 0 3 0 0 1
+4 * 1000 1000
+4 * 1000
cfi=(6)
cfn=(94)
calls=1000 0x15cf8 987 
* * 10000 4000 1000
+4 * 101000
+4 * 101000
+4 * 101000
+4 * 101000
+4 * 101000
+4 +4 1000 1000 0 1 0 0 1
+4 * 1000
cfi=(6)
cfn=(94)
calls=1000 0x15cf8 987 
* * 10000 4000 1000
+4 * 1000
+4 * 1000 1000
+4 * 1000
+4 +1 1000 1000
+4 * 1000 2000
+4 * 1000
0x159e8 +11 999 0 999
+4 +2 999
+4 * 999
+4 * 999
cfi=(6)
cfn=(163)
calls=999 0x15e30 1276 
* * 16439797403 5114387950 3506152922 6456001 97504 4066264 10914 3261 3932020

fn=(28) read_sensor_value()
0x15834 11 1000 0 2000 1 0 0 1
+4 * 1000
+4 +1 1000
cob=(2)
cfi=(17)
cfn=(54)
calls=999 0x3f1f0 +14 
* * 86790 22978 12988 31
cob=(4) /usr/lib/aarch64-linux-gnu/ld-linux-aarch64.so.1
cfi=(9) ./elf/../sysdeps/aarch64/dl-trampoline.S
cfn=(34) _dl_runtime_resolve
calls=1 0x10744 +26 
* * 649 220 110 50 52 12 50 52 12
* * 10005 3001 2 2 3 0 2 2
+92 +7 1000 0 1000
+4 * 1000
+4 * 1000
+4 * 1000
+4 * 1000
cfi=(6)
cfn=(64)
calls=1000 0x15cc8 1293 
* * 28587701 8749227 6438887 13116 128 7904 118 41 7679

fn=(29)
0x15834 11 99000 0 198000
+4 * 99000
+4 +1 99000
cob=(2)
cfi=(17)
cfn=(54)
calls=99000 0x3f1f0 +14 
* * 8600455 2277047 1287047 3945 1 0 0 1
* * 990000 297000
+92 +7 99000 0 99000
+4 * 99000
+4 * 99000
+4 * 99000
+4 * 99000
cfi=(6)
cfn=(65)
calls=99000 0x15cc8 1293 
* * 1172865188 354770631 257313993 330235 3231 507765 1723 765 495308

fn=(2) generate_sensor_data()
0x15858 15 1 0 2 1 0 1 1 0 1
+4 * 1
+4 * 1 0 1 0 0 1 0 0 1
+4 +1 1
+4 * 1
cfi=(2) ???
cfn=(4) operator new(unsigned long)
calls=1 0x18850 -16 
* * 31431 9602 6869 234 104 38 167 99 38
0x159dc +26 1 0 1
+4 +2 1 1
+4 * 1
cfn=(158)
calls=1 0x158d4 -19 
* * 32959230 10253676 7029200 13130 237 8164 90 16 7905

fn=(3)
0x15858 15 999 0 1998
+4 * 999
+4 * 999 0 999
+4 +1 999
+4 * 999
cfi=(2)
cfn=(4)
calls=999 0x18850 -16 
* * 28794861 8804856 6484132 13020 111 7886 39 8 7657
+40 +3 1000 1000
+4 * 1000
cfn=(28)
calls=1000 -96 -8 
* * 28693145 8775426 6454987 13200 183 7916 171 95 7691
+36 -1 1000 1000
+4 * 1000
+4 * 1000 0 0 1 0 0 1
0x159dc +24 999 0 999
+4 +2 999 999
+4 * 999
cfn=(159)
calls=999 0x158d4 -19 
* * 16443840356 5115801535 3506661413 6456003 97504 4066264 10914 3261 3932020

fn=(0) main
0x159c4 40 1 0 0 1 0 0 1
+4 * 1 0 1 0 0 1 0 0 1
+4 * 1 1
+4 +1 1 0 1 0 0 1 0 0 1
+4 * 1
cfn=(1) main'2
calls=1 0x15aac * 
* * 32990673 10263280 7036073 13366 341 8204 259 115 7945

fn=(1)
0x159d8 42 1
cfn=(2)
calls=1 0x15858 -27 
* * 32990669 10263279 7036073 13365 341 8204 258 115 7945
0x15aac -1 1 1 0 1 0 0 1
+4 * 1
+4 * 1

fl=(7)
fn=(22)
0x15eb0 156 1000 0 2000 1 0 0 1
+4 * 1000
+4 * 1000 0 1000
+4 * 1000 1000
+4 * 1000 0 0 1 0 0 1
cfi=(8)
cfn=(24) std::__new_allocator<int>::__new_allocator()
calls=1000 0x163e0 -76 
* * 5000 0 1000 1 0 0 1
+4 * 1000
+4 * 1000 2000
+4 * 1000

fl=(24)
fn=(194)
fi=(6)
0x169a0 378 11
cfn=(193)
calls=11 +8 +1 
* * 22 22
fe=(24)
0x16e34 +85 11 0 22
+4 * 11
+4 * 11 0 11
+4 * 11 0 11 1 0 0 1
+4 +1 11
+4 * 11 11
+4 * 11 11
+4 * 11
cfi=(8)
cfn=(196) std::__new_allocator<double>::allocate(unsigned long, void const*)
calls=11 0x17060 112 
* * 1737 443 280 12 8 5 2 5 5

fn=(110)
0x16438 511 100000 0 200000
+4 * 100000
+4 * 100000 0 100000 4
+4 * 100000 0 100000
+4 * 100000 0 100000
+4 +5 100000 100000
+4 * 100000
cfi=(21)
cfn=(74)
calls=100000 -44 77 
* * 500000 100000 100000
+4 * 100000
+4 * 100000 100000
+4 * 100000 100000
+4 * 100000
cfi=(8)
cfn=(112) void std::__new_allocator<int>::construct<int, int>(int*, int&&)
calls=100000 0x16a98 173 
* * 3000000 800000 1000000 2 0 3186 2 0 2974
+4 +4 100000
+4 * 100000 200000
+4 * 100000

fn=(86)
0x17460 547 16000 0 32000 1983 0 0 1
+4 * 16000
+4 * 16000 0 16000
+4 +3 16000 16000
+4 * 16000
cfi=(8)
cfn=(88) std::__new_allocator<int>::max_size() const
calls=16000 0x175b0 167 
* * 192000 48000 64000 10 0 0 3
+4 +4 16000 32000
+4 * 16000

fn=(144)
fi=(6)
0x15f2c 388 7000
+4 * 7000 14000
+4 * 7000
fe=(24)
0x163f4 495 7000 0 14000
+4 * 7000
+4 * 7000 0 7000
+4 * 7000 0 7000
+4 * 7000 0 7000
+4 +1 7000 7000
+4 * 7000 7000
+4 * 7000 7000
+4 * 7000
cfi=(8)
cfn=(146) std::__new_allocator<int>::deallocate(int*, unsigned long)
calls=7000 0x16a70 142 
* * 910569 308199 196098 15 20 0 15 15

fn=(178)
0x1733c 547 22 0 44 1 0 0 1
+4 * 22
+4 * 22 0 22
+4 +3 22 22
+4 * 22
cfi=(8)
cfn=(180) std::__new_allocator<double>::max_size() const
calls=22 0x1754c 167 
* * 264 66 88 2 0 0 1
+4 +4 22 44
+4 * 22

fn=(230)
fi=(6)
0x16078 388 10
+4 * 10 20
+4 * 10
fe=(24)
0x16768 495 10 0 20
+4 * 10
+4 * 10 0 10
+4 * 10 0 10
+4 * 10 0 10
+4 +1 10 10
+4 * 10 10 0 1 0 0 1
+4 * 10 10
+4 * 10
cfi=(8)
cfn=(232) std::__new_allocator<double>::deallocate(double*, unsigned long)
calls=10 0x16d74 142 
* * 1392 460 292 9 8 0 7 3

fn=(106)
fi=(6)
0x16c64 378 8000
cfn=(105)
calls=8000 +8 +1 
* * 16000 16000
fe=(24)
0x16f20 +85 8000 0 16000
+4 * 8000
+4 * 8000 0 8000
+4 * 8000 0 8000
+4 +1 8000
+4 * 8000 8000
+4 * 8000 8000
+4 * 8000
cfi=(8)
cfn=(108) std::__new_allocator<int>::allocate(unsigned long, void const*)
calls=8000 0x171e8 112 
* * 1079075 284775 186640 7029 91 1496 47 12 1483

fn=(200)
0x160c4 511 1000 0 2000
+4 * 1000
+4 * 1000 0 1000
+4 * 1000 0 1000
+4 * 1000 0 1000
+4 +5 1000 1000
+4 * 1000
cfi=(21)
cfn=(198)
calls=1000 0x167c0 77 
* * 5000 1000 1000
+4 * 1000
+4 * 1000 1000
+4 * 1000 1000
+4 * 1000
cfi=(8)
cfn=(202) void std::__new_allocator<double>::construct<double, double const&>(double*, double const&)
calls=1000 0x167d4 173 
* * 30000 8000 10000 0 0 151 0 0 121
+4 +4 1000
+4 * 1000 2000
+4 * 1000

fl=(2)
fn=(4)
fi=(1)
0x1586c 16 1000
+4 * 1000 0 1000
+4 * 1000 0 1000
+4 * 1000 0 1000 0 0 4
+4 * 1000
+4 * 1000 0 0 1 0 0 1
cfi=(6)
cfn=(16)
calls=1000 0x15c20 526 
* * 50000 16000 17000 9 0 0 6
+4 * 1000 0 1000
+4 +2 1000 0 1000
+4 * 1000
cfn=(3)
calls=1000 +44 * 
* * 28698145 8777426 6454987 13201 183 7916 172 95 7691
fi=(8)
0x170cc 138 11 22
+4 * 11
fe=(2)
0x18850 0 1011 0 2022 1 0 0 1
+4 0 1011
+4 0 1011
+4 0 1011 0 1011
+4 0 1011
+4 0 1011
+4 0 1011
cob=(2)
cfi=(4)
cfn=(8)
calls=1011 0x92240 3281 
* 0 55413 17372 11195 51 39 9 25 16 9
* 0 8064 4026 0 1 1 0 1 1

fn=(5) operator new(unsigned long)'2
fi=(8)
0x17254 138 8000 16000
+4 * 8000
fe=(2)
0x18850 0 8000 0 16000
+4 0 8000
+4 0 8000
+4 0 8000 0 8000
+4 0 8000
+4 0 8000
+4 0 8000
cob=(2)
cfi=(4)
cfn=(8)
calls=8000 0x92240 3281 
* 0 727107 202799 114640 7013 91 1496 44 12 1483
* 0 55968 25976

fn=(148) operator delete(void*)
0x17920 0 7010 0 0 1 0 0 1
cob=(2)
cfi=(4)
cfn=(152)
calls=7009 0x929c4 3350 
* 0 806127 280380 161219 8 15 0 6 5
cob=(4)
cfi=(9)
cfn=(34)
calls=1 0x10744 38 
* 0 679 238 119 12 12 0 12 12
* 0 28045 7011 2 1 1 0 1 1

fl=(22)
fn=(76) void std::vector<int, std::allocator<int> >::_M_realloc_insert<int>(__gnu_cxx::__normal_iterator<int*, std::vector<int, std::allocator<int> > >, int&&)
0x15fd8 127 8000
+4 * 8000 16000
+4 * 8000 16000
+4 * 8000
0x164c4 439 8000 0 16000 1 0 0 1
+4 * 8000
+4 * 8000 0 16000
+4 * 8000 0 8000
+4 * 8000 0 8000
+4 * 8000 0 8000
+4 +10 8000
+4 * 8000
+4 * 8000
+4 * 8000 8000
+4 * 8000
cfi=(6)
cfn=(78)
calls=8000 0x16b0c 1891 
* * 2249294 758064 549028 2067 13 1 37 0 1
+4 * 7000 0 7000
+4 +1 7000 7000
+4 * 7000 7000
+4 * 7000 0 7000
+4 +1 7000 7000
+4 * 7000 7000
+4 * 7000 0 7000
+4 +1 7000 7000
+4 * 7000
cfi=(6)
cfn=(98)
calls=7000 0x16bd8 868 
* * 133000 49000 42000
+4 * 7000 0 7000
+4 * 7000
+4 * 7000
+4 * 7000
cfi=(23)
cfn=(100)
calls=7000 0x16bfc 1330 
* * 182000 63000 49000
+4 * 7000 0 7000
+4 +1 7000 7000
+4 * 7000 7000
+4 * 7000
cfi=(6)
cfn=(104)
calls=7000 0x16c3c -78 
* * 4811952 1533116 1211812 7077 114 5716 71 40 5698

fn=(77)
0x1664c 509 8000 0 0 1 0 0 1
cfi=(6)
cfn=(116)
calls=8000 0x16498 -31 
* * 88000 16000 24000
+4 * 8000
+4 * 8000
+4 * 8000
+4 * 8000
+4 * 8000
+28 +4 8000 8000
+4 +1 8000 8000 0 1 0 0 1
+4 * 8000 8000
+4 * 8000 8000
+4 * 8000
+4 * 8000
+4 -1 8000
+4 * 8000 8000
+4 * 8000
+4 * 8000
cfi=(6)
cfn=(132)
calls=8000 0x15efc 383 
* * 1201569 451199 292098 15 20 0 15 15
+4 +2 1000 1000
+4 * 1000 1000
+4 * 1000 0 1000
+4 +1 1000 1000
+4 * 1000 1000
+4 * 1000 0 1000
+4 +1 1000 1000
+4 * 1000 0 0 1 0 0 1
+4 * 1000 1000
+4 * 1000
+4 * 1000 1000
+4 * 1000 0 1000
+4 +1 1000
cfn=(77)
calls=1000 0x16748 * 
* * 3000 4000 0 1 0 0 1
0x16748 * 8000 16000 0 1 0 0 1
+4 * 8000 16000
+4 * 8000

fn=(68)
fi=(6)
0x15cec 1294 100000
+4 * 100000 200000
+4 * 100000
fe=(22)
0x15f4c 111 100000 0 200000
+4 * 100000
+4 * 100000 0 200000
+4 * 100000 0 100000
+4 * 100000 0 100000
+4 +3 100000 100000
+4 * 100000 100000
+4 * 100000 100000
+4 * 100000 100000
+4 * 100000
+4 * 100000
+4 +3 92000 92000
+4 * 92000 92000
+4 * 92000 92000
+4 * 92000 92000
+4 * 92000
cfi=(21)
cfn=(74)
calls=92000 0x16424 -40 
* * 460000 92000 92000
+4 * 92000
+4 * 92000
+4 * 92000
+4 * 92000
cfi=(24)
cfn=(110)
calls=92000 0x16438 511 
* * 4508000 1288000 1472000 0 0 2187 0 0 1980
+4 +2 92000 92000
+4 * 92000 92000
+4 * 92000
+4 * 92000 92000
+4 * 92000 0 92000
+4 +8 92000
cfn=(69) void std::vector<int, std::allocator<int> >::emplace_back<int>(int&&)'2
calls=92000 +40 * 
* * 368000 368000
+4 -4 8000 8000 0 1 0 0 1
+4 * 8000
cfi=(6)
cfn=(70)
calls=8000 0x16470 888 
* * 160000 56000 48000 10 0 0 4
+4 * 8000
+4 * 8000 8000 0 1 0 0 1
+4 * 8000
cfi=(21)
cfn=(74)
calls=8000 0x16424 -46 
* * 40000 8000 8000 12 0 0 1
+4 * 8000
+4 * 8000
+4 * 8000 8000
+4 * 8000
cfn=(76)
calls=8000 0x164c4 439 
* * 7615246 2492180 1942840 9145 127 5717 109 40 5699

fn=(69)
0x15fd8 127 92000
+4 * 92000 184000
+4 * 92000 184000
+4 * 92000

fn=(168)
fi=(6)
0x15ea4 1288 11
+4 * 11 22
+4 * 11
fe=(22)
0x16150 439 11 0 22 1 0 0 1
+4 * 11
+4 * 11 0 22
+4 * 11 0 11
+4 * 11 0 11
+4 * 11 0 11
+4 +10 11
+4 * 11
+4 * 11
+4 * 11 11
+4 * 11
cfi=(6)
cfn=(170)
calls=11 0x16848 1891 
* * 2891 977 699 30 0 0 29
+4 * 10 0 10
+4 +1 10 10 0 1
+4 * 10 10
+4 * 10 0 10
+4 +1 10 10
+4 * 10 10
+4 * 10 0 10
+4 +1 10 10
+4 * 10
cfi=(6)
cfn=(186)
calls=10 0x16914 868 
* * 190 70 60
+4 * 10 0 10
+4 * 10
+4 * 10
+4 * 10
cfi=(23)
cfn=(188)
calls=10 0x16938 1330 
* * 260 90 70 1 0 0 1
+4 * 10 0 10
+4 +1 10 10
+4 * 10 10
+4 * 10
cfi=(6)
cfn=(192)
calls=10 0x16978 -78 
* * 8129 2724 2231 64 126 131 9 8 131

fn=(169)
0x162d8 509 11 0 0 2 0 0 1
cfi=(6)
cfn=(204)
calls=11 0x16124 -31 
* * 121 22 33
+4 * 11
+4 * 11
+4 * 11
+4 * 11
+4 * 11
+28 +4 11 11 0 1 0 0 1
+4 +1 11 11
+4 * 11 11
+4 * 11 11
+4 * 11
+4 * 11
+4 -1 11
+4 * 11 11
+4 * 11
+4 * 11
cfi=(6)
cfn=(220)
calls=11 0x16048 383 
* * 1803 663 427 11 8 0 9 3
+4 +2 1 1
+4 * 1 1
+4 * 1 0 1
+4 +1 1 1
+4 * 1 1 0 1 0 0 1
+4 * 1 0 1
+4 +1 1 1
+4 * 1
+4 * 1 1
+4 * 1
+4 * 1 1
+4 * 1 0 1
+4 +1 1
cfn=(169)
calls=1 0x163d4 * 
* * 3 4
0x163d4 * 11 22
+4 * 11 22
+4 * 11

fl=(8)
fn=(196)
fi=(24)
0x16e54 464 11 22
+4 * 11
fe=(8)
0x17060 112 11 0 22
+4 * 11
+4 * 11 0 11
+4 * 11 0 11
+4 * 11 0 11
+4 +8 11 11
+4 * 11
cfn=(182) std::__new_allocator<double>::_M_max_size() const
calls=11 0x17390 +90 
* * 55 0 11
+4 * 11
+4 * 11 11 0 1 0 0 1
+4 * 11
+4 * 11
+4 * 11
+4 * 11
+4 * 11
+4 * 11
+4 * 11
+4 * 11
+4 * 11
+28 +17 11 11 0 1 0 0 1
+4 * 11
+4 * 11
cfi=(2)
cfn=(4)
calls=11 0x18850 0 
* * 1429 388 214 10 8 5 0 5 5

fn=(90) std::__new_allocator<int>::_M_max_size() const
0x1747c 210 24000
+4 * 24000 0 24000 8 0 0 1
+4 +3 24000
+4 +4 24000
+4 * 24000

fn=(108)
fi=(24)
0x16f40 464 8000 16000 0 1 0 0 1
+4 * 8000
fe=(8)
0x171e8 112 8000 0 16000
+4 * 8000
+4 * 8000 0 8000
+4 * 8000 0 8000
+4 * 8000 0 8000
+4 +8 8000 8000
+4 * 8000 0 0 13 0 0 1
cfn=(90)
calls=8000 0x1747c +90 
* * 40000 0 8000
+4 * 8000
+4 * 8000 8000
+4 * 8000
+4 * 8000
+4 * 8000
+4 * 8000
+4 * 8000
+4 * 8000
+4 * 8000
+4 * 8000
+4 * 8000
+28 +17 8000 8000 0 2 0 0 1
+4 * 8000
+4 * 8000
cfi=(2)
cfn=(5)
calls=8000 0x18850 0 
* * 855075 244775 138640 7013 91 1496 44 12 1483

fn=(146)
fi=(24)
0x16418 496 7000
+4 * 7000 14000
+4 * 7000
fe=(8)
0x16a70 142 7000 0 14000 1 0 0 1
+4 * 7000
+4 * 7000 0 7000
+4 * 7000 0 7000
+4 * 7000 0 7000
+4 +16 7000 7000
+4 * 7000
cfi=(2)
cfn=(148)
calls=7000 0x17920 0 
* * 840569 287199 161098 14 20 0 14 15

fn=(232)
fi=(24)
0x1678c 496 10
+4 * 10 20
+4 * 10
fe=(8)
0x16d74 142 10 0 20 1 0 0 1
+4 * 10
+4 * 10 0 10
+4 * 10 0 10
+4 * 10 0 10
+4 +16 10 10
+4 * 10
cfi=(2)
cfn=(148)
calls=10 0x17920 0 
* * 1292 430 242 8 8 0 6 3

fn=(182)
0x17390 210 33
+4 * 33 0 33
+4 +3 33
+4 +4 33
+4 * 33

fn=(88)
0x175b0 167 16000 0 32000 1 0 0 1
+4 * 16000
+4 * 16000 0 16000
+4 +1 16000 16000
+4 * 16000 0 0 1 0 0 1
cfn=(90)
calls=16000 0x1747c +42 
* * 80000 0 16000 8 0 0 1
+4 * 16000 32000
+4 * 16000

fn=(24)
0x163e0 80 1000 0 0 1 0 0 1
+4 * 1000 0 1000
+4 * 1000
+4 * 1000
+4 * 1000

fn=(112)
0x16a98 173 100000 0 200000 1 0 0 1
+4 * 100000
+4 * 100000 0 100000
+4 * 100000 0 100000
+4 * 100000 0 100000
+4 * 100000 0 100000
+4 +2 100000 100000
+4 * 100000
+4 * 100000
+4 * 100000
cfi=(26) /usr/include/c++/12/new
cfn=(114) operator new(unsigned long, void*)
calls=100000 0x15be8 * 
* * 600000 100000 200000 1 0 0 1
+4 * 100000
+4 * 100000 100000
+4 * 100000
cfi=(21)
cfn=(74)
calls=100000 0x16424 -98 
* * 500000 100000 100000
+4 * 100000 100000
+4 * 100000 0 100000 0 0 3186 0 0 2974
+4 * 100000
+4 * 100000 100000
+4 * 100000 200000
+4 * 100000

fn=(180)
0x1754c 167 22 0 44 2 0 0 1
+4 * 22
+4 * 22 0 22
+4 +1 22 22
+4 * 22
cfn=(182)
calls=22 0x17390 +42 
* * 110 0 22
+4 * 22 44
+4 * 22

fn=(202)
0x167d4 173 1000 0 2000
+4 * 1000
+4 * 1000 0 1000
+4 * 1000 0 1000
+4 * 1000 0 1000
+4 * 1000 0 1000
+4 +2 1000 1000
+4 * 1000
+4 * 1000
+4 * 1000
cfi=(26)
cfn=(114)
calls=1000 0x15be8 * 
* * 6000 1000 2000
+4 * 1000
+4 * 1000 1000
+4 * 1000
cfi=(21)
cfn=(198)
calls=1000 -68 -98 
* * 5000 1000 1000
+4 * 1000 1000
+4 * 1000 0 1000 0 0 151 0 0 121
+4 * 1000
+4 * 1000 1000
+4 * 1000 2000
+4 * 1000

fl=(25)
fn=(216) double* std::__niter_base<double*>(double*)
0x173a4 313 66
+4 * 66 0 66
+4 +2 66 66
+4 * 66
+4 * 66

fn=(92)
0x17358 230 16022 0 0 1 0 0 1
+4 * 16022 0 16022
+4 * 16022 0 16022
+4 +5 16022 16022
+4 * 16022 16022
+4 * 16022 16022
+4 * 16022 16022
+4 * 16022
+4 * 16022
+12 +2 16022 16022 0 1 0 0 1
+4 +1 16022
+4 * 16022

fn=(96)
fi=(6)
0x168bc 1896 1 1
+4 * 1 0 0 1 0 0 1
+4 * 1 0 1
+4 +1 1 1
+4 * 1
cfn=(184)
calls=1 0x16dd4 987 
* * 10 4 1
+4 * 1
+4 * 1 1
+4 * 1
+4 * 1
+4 * 1 1
+4 * 1
cfn=(172)
calls=1 0x16db4 993 
* * 58 19 18
+4 * 1
+4 * 1 1
+4 * 1
+4 * 1
+16 * 1 1 0 1 0 0 1
+4 +1 1 1
+4 * 1 2
+4 * 1
0x16b80 -2 1000 1000 0 1 0 0 1
+4 * 1000
+4 * 1000 0 1000
+4 +1 1000 1000
+4 * 1000
cfn=(94)
calls=1000 0x15cf8 987 
* * 10000 4000 1000
+4 * 1000
+4 * 1000 1000
+4 * 1000
+4 * 1000
+4 * 1000 1000
+4 * 1000
cfn=(80)
calls=1000 0x16f00 993 
* * 58000 19000 18000
+4 * 1000
+4 * 1000 1000
+4 * 1000
+4 * 1000
+16 * 1000 1000 0 1 0 0 1
+4 +1 1000 1000
+4 * 1000 2000
+4 * 1000
fe=(25)
0x16dfc 254 8011 0 0 1 0 0 1
+4 * 8011 0 8011 1 0 0 1
+4 * 8011 0 8011
+4 +5 8011 8011
+4 * 8011 8011
+4 * 8011 8011
+4 * 8011 8011
+4 * 8011
+4 * 8011
+4 +1 1001 1001
+4 * 1001
cfn=(97) unsigned long const& std::max<unsigned long>(unsigned long const&, unsigned long const&)'2
calls=1001 +8 +2 
* * 2002
+4 +1 7010 7010
+4 +1 7010
+4 * 7010

fn=(97)
0x16e2c 262 1001
+4 * 1001

fn=(128) int* std::__niter_base<int*>(int*)
0x17490 313 48000 0 0 4
+4 * 48000 0 48000
+4 +2 48000 48000
+4 * 48000
+4 * 48000

fl=(27)
fn=(218) std::enable_if<std::__is_bitwise_relocatable<double, void>::value, double*>::type std::__relocate_a_1<double, double>(double*, double*, double*, std::allocator<double>&)
0x17124 1136 10 20
+4 * 10 20
+4 * 10
0x173b8 -36 22 0 44
+4 * 22
+4 * 22 0 22 11 0 0 1
+4 * 22 0 22
+4 * 22 0 22
+4 * 22 0 22
+4 +4 22 22
+4 * 22 22
+4 * 22
+4 * 22
+4 * 22 0 22
+4 +1 22 22
+4 * 22
+4 * 22
+4 +12 10 10
+4 * 10
+4 * 10
+4 * 10 10
+4 * 10 10 0 10
+4 * 10
cob=(2)
cfi=(30)
cfn=(140)
calls=10 0x9d240 189 
* * 1119 519 519 0 110 121 0 0 121
* * 100 50
+4 +2 12 12 0 1 0 0 1
+4 * 12
+4 * 12 12
+4 * 12
+4 +1 12 24
+4 * 12

fn=(126)
fi=(6)
0x16f78 491 7000 14000
+4 * 7000
fe=(27)
0x1725c 1127 16000 0 32000
+4 * 16000
+4 * 16000 0 32000
+4 * 16000 0 16000
+4 * 16000 0 16000
+4 * 16000 0 16000
+4 * 16000 0 16000
+4 +6 16000 16000
+4 * 16000
cfi=(25)
cfn=(128)
calls=16000 0x17490 313 
* * 80000 16000 16000 4
+4 * 16000 0 0 1 0 0 1
+4 * 16000 16000
+4 * 16000
cfi=(25)
cfn=(128)
calls=16000 0x17490 313 
* * 80000 16000 16000
+4 * 16000
+4 * 16000 16000
+4 * 16000
cfi=(25)
cfn=(128)
calls=16000 0x17490 313 
* * 80000 16000 16000
+4 * 16000 16000
+4 * 16000
+4 * 16000
+4 * 16000
+4 * 16000
cfn=(130) std::enable_if<std::__is_bitwise_relocatable<int, void>::value, int*>::type std::__relocate_a_1<int, int>(int*, int*, int*, std::allocator<int>&)
calls=16000 0x174a4 -33 
* * 546602 205206 149102 54 16 3222 16 13 3222
+4 +3 9000 18000
+4 * 9000 18000
+4 * 9000

fn=(214)
fi=(6)
0x16e8c 491 10 20
+4 * 10
fe=(27)
0x170d4 1127 22 0 44
+4 * 22
+4 * 22 0 44
+4 * 22 0 22
+4 * 22 0 22
+4 * 22 0 22
+4 * 22 0 22
+4 +6 22 22
+4 * 22
cfi=(25)
cfn=(216)
calls=22 0x173a4 313 
* * 110 22 22
+4 * 22
+4 * 22 22
+4 * 22 0 0 2 0 0 1
cfi=(25)
cfn=(216)
calls=22 0x173a4 313 
* * 110 22 22
+4 * 22
+4 * 22 22
+4 * 22
cfi=(25)
cfn=(216)
calls=22 0x173a4 313 
* * 110 22 22
+4 * 22 22
+4 * 22
+4 * 22
+4 * 22
+4 * 22
cfn=(218)
calls=22 0x173b8 -33 
* * 1689 753 673 22 110 121 2 0 121
+4 +3 12 24
+4 * 12 24
+4 * 12

fn=(130)
0x172ac 1136 7000 14000
+4 * 7000 14000
+4 * 7000
0x174a4 -36 16000 0 32000
+4 * 16000
+4 * 16000 0 16000
+4 * 16000 0 16000
+4 * 16000 0 16000
+4 * 16000 0 16000
+4 +4 16000 16000
+4 * 16000 16000 0 3 0 0 1
+4 * 16000
+4 * 16000
+4 * 16000 0 16000
+4 +1 16000 16000
+4 * 16000
+4 * 16000
+4 +12 7000 7000
+4 * 7000
+4 * 7000
+4 * 7000 7000
+4 * 7000 7000
+4 * 7000
cob=(2)
cfi=(30)
cfn=(140)
calls=6999 0x9d240 189 
* * 134984 36998 36998 29 0 3216 4 0 3216
cob=(4)
cfi=(9)
cfn=(34)
calls=1 0x10744 38 
* * 613 207 102 19 15 6 9 12 6
* * 70005 35001 2 2 1 0 1 1
+4 +2 9000 9000
+4 * 9000
+4 * 9000 9000
+4 * 9000 0 0 1 0 0 1
+4 +1 9000 18000
+4 * 9000

fl=(26)
fn=(114)
0x15be8 175 101000 0 0 1 0 0 1
+4 * 101000 0 101000
+4 * 101000 0 101000
+4 * 101000 101000
+4 * 101000
+4 * 101000

ob=(4)
fl=(10) ./elf/./elf/dl-runtime.c
fn=(36) _dl_fixup
0xe460 46 3 0 6 2 0 1 1 0 1
+4 * 3
+4 * 3
+4 +2 3 3 0 0 1 0 0 1
+4 -2 3 0 6
+4 * 3
fi=(14) ./elf/../sysdeps/generic/ldsodefs.h
+4 +35 3 3 0 0 1 0 0 1
fe=(10)
+4 -35 3 0 6
+4 +2 3 3 0 2 1 0 1 1
+4 * 3 3 0 0 1 0 0 1
+4 * 3
+12 +6 3 3 0 0 1 0 0 1
+4 +1 3
+4 -6 3 3
+4 +6 3 3 0 0 1 0 0 1
+4 -6 3 3
+4 +6 3
+4 * 3
+4 -6 3
+4 +9 3 3 0 0 3 0 0 3
+4 -2 3 3
+4 * 3 0 6
+4 +2 3 0 0 2 0 0 1
+4 -2 3
+4 * 3
+4 * 3
+4 * 3
+4 * 3 0 3 0 0 1 0 0 1
+4 +7 3
+4 * 3
+4 +4 3 3 0 0 3 0 0 3
+4 * 3
+4 * 3
+4 +4 3 3 0 0 1 0 0 1
+4 * 3
+4 +4 3 3 0 0 1 0 0 1
+4 * 3
+4 +1 3 3 0 0 1 0 0 1
+4 * 3 0 0 1 0 0 1
+4 -1 3 3 0 0 2 0 0 2
+4 +1 3
+4 * 3
+4 +1 3 3 0 0 1 0 0 1
+4 -8 3
+4 * 3
+4 +16 3
+4 -1 3
+4 +1 3
+4 * 3 3 0 0 1 0 0 1
+4 * 3
+4 +10 3 3 0 0 1 0 0 1
+4 * 3
+4 * 3 3
+4 * 3
+4 * 3 0 0 1 0 0 1
+4 * 3
+4 * 3
+4 * 3
cfi=(11) ./elf/./elf/dl-lookup.c
cfn=(38) _dl_lookup_symbol_x
calls=4 0x8c00 756 
* * 1454 476 211 44 49 16 37 46 16
fi=(9)
0x1078c +8 3
+4 +3 3 6
+4 +1 3 6
+4 +1 3 6
+4 +1 3 6
+4 +1 3 6
+4 +1 3 6
+4 +1 3 6
+4 +1 3 6
+4 +1 3 6
+4 +3 3 6
+4 +4 3
fe=(10)

fn=(37) _dl_fixup'2
0xe5a0 133 1 1
+4 * 1
+52 +26 3
+4 * 3 3 0 0 1 0 0 1
+4 * 3
fi=(16) ./elf/../sysdeps/aarch64/dl-machine.h
+4 -14 3 0 3
fe=(10)
+4 +18 3 6
+4 * 3 6
+4 * 3 6
+4 * 3 6
+4 * 3
+4 -1 1 1
+4 * 1
cfn=(37)
calls=1 -40 -3 
* * 9 9 1

fl=(9)
fn=(34)
0x10744 38 3 0 0 1 0 0 1
+4 +12 3 0 6
+4 +5 3 0 6
+4 +4 3 0 6
+4 +4 3 0 6
+4 +4 3 0 6
+4 +4 3 0 6
+4 +4 3 0 6
+4 +4 3 0 6
+4 +4 3 0 6
+4 +5 3 3
+4 +3 3 3
+4 +2 3
+4 +1 3
+4 +1 3
+4 +1 3 0 0 1 0 0 1
+4 +1 3
+4 +3 3
cob=(2)
cfi=(4)
cfn=(152)
calls=1 0x929c4 3350 
* * 115 40 23 12 3 0 12 3
cob=(2)
cfi=(30)
cfn=(140)
calls=1 0x9d240 +89 
* * 16 2 2 3 0 0 3
cob=(2)
cfi=(17)
cfn=(54)
calls=1 0x3f1f0 -74 
* * 92 24 14 12 7 0 12 7
cfi=(10)
cfn=(36)
calls=4 0xe460 -54 
* * 1664 593 238 52 69 18 42 66 18

fl=(14)
fn=(48) do_lookup_x
0x8420 141 3 3 0 1 0 0 1
+4 * 3
+4 +1 3
fi=(11)
+4 460 3
+4 * 3
fi=(15) ./elf/../sysdeps/generic/dl-protected.h
+4 29 3 3
+4 * 3
+4 * 3
+4 * 3 0 0 2 0 0 1
fi=(11)
+4 467 3 3
+4 * 3
+4 * 3
+4 * 3
+4 * 3
+4 * 3
+4 * 3
+4 * 3
+4 +16 3 3
+4 +1 3 0 6
+4 +1 3
+4 +21 3 6
+4 * 3 6
+4 * 3 6
+4 * 3 6
+4 * 3 6
+4 * 3 6
+4 * 3
+4 * 3
fe=(14)

fl=(11)
fn=(44) check_match
0x8060 71 3 0 6 1 0 2 1 0 2
+4 * 3
+4 +3 3 3 0 0 3 0 0 3
+4 -3 3 0 6
+4 * 3
+4 * 3 0 6
+4 * 3
+4 * 3
+4 * 3 0 3 1 0 0 1
+4 * 3
+4 * 3 3
+4 * 3 3 0 0 1 0 0 1
+4 * 3
+4 +3 3 3
+4 * 3
+4 * 3
+4 +13 3
+4 -13 3
+4 +13 3
+4 -13 3
+4 +13 3
+4 * 3
+4 * 3
+4 +3 3
+4 * 3 0 0 1 0 0 1
+4 * 3 3
+4 * 3
+4 * 3
+4 * 3
cfi=(13) ./string/../sysdeps/aarch64/strcmp.S
cfn=(46) strcmp
calls=4 0x1c1c0 -26 
* * 124 14 0 7 3 0 5 3
+4 * 3
+4 +4 3 3
+4 +1 3
+4 +2 3
+4 +19 3 3 0 0 3 0 0 3
+4 +1 3
+4 * 3 3
+4 * 3
+4 * 3 3
+4 * 3
+4 * 3
+4 * 3 3 0 1 1 0 1 1
+4 * 3
+4 * 3
+20 -38 3
+4 +84 3 6
+4 * 3 6
+4 * 3 3
+4 * 3 6
+4 * 3
+80 -45 3 3 0 1 0 0 1
+4 * 3 3
+4 * 3
cfi=(13)
cfn=(46)
calls=4 0x1c1c0 -54 
* * 117 12 0 0 3 0 0 2
+4 * 3

fn=(38)
0x8c00 756 3 0 0 1 0 0 1
+4 * 3 0 6 0 0 2 0 0 2
+4 * 3
+4 * 3 0 6
+4 * 3
+4 * 3
+4 * 3 0 6 0 0 1 0 0 1
+4 * 3
+4 * 3
+4 * 3 0 6
+4 * 3
+4 * 3
+4 * 3 0 6
+4 * 3
+4 +6 3
+4 * 3
+4 -6 3 0 6 1 0 0 1
+4 +6 3 0 6 0 0 1 0 0 1
fi=(12) ./elf/../sysdeps/generic/dl-new-hash.h
+4 74 3 3 0 0 3 0 0 3
+4 +3 3
+4 -8 3
+4 +1 3
+4 +31 3
+4 * 3
+4 -21 3 3
+4 * 3
+4 +1 3
-8 -1 5 5
+4 * 5
+4 +1 5
+4 +21 7
+4 -28 7 7
+4 * 7
+4 +30 7
+4 -27 7
fe=(11)
+4 762 2 2 0 1 0 0 1
+4 -4 2
+4 * 2 0 2 0 0 1 0 0 1
+4 +1 2 0 4
+4 +3 2 2 0 0 1 0 0 1
+4 * 2
+4 * 2 0 2
+4 +4 2
+4 * 2
+4 +5 2 2
+4 * 2 2 0 0 1 0 0 1
+4 -2 2
+4 +6 2
+4 -7 2 0 2
+4 * 2 4
+4 * 2
+4 * 2 0 0 1 0 0 1
+4 * 2 0 2
+4 * 2
cfn=(39) _dl_lookup_symbol_x'2
calls=3 +16 +8 
* * 761 256 94 24 31 6 24 31 6
fi=(12)
0x8e18 87 1 0 0 1 0 0 1
+4 +2 1
+4 +1 1
cfi=(11)
cfn=(39)
calls=1 0x8c80 762 
* * 396 133 53 7 9 5 0 6 5
fi=(10)
0xe550 +5 3
+4 +4 3 3
+4 * 3
+4 +10 3 3
+4 * 3
+4 * 3 3
+4 * 3
+4 * 3
+4 * 3
+4 * 3
+4 * 3
+4 * 3 3 0 0 1 0 0 1
+4 * 3 3 0 1 0 0 1
+4 * 3
+4 * 3 0 3
fi=(28) ./elf/../sysdeps/aarch64/dl-irel.h
+4 -71 3
fi=(10)
+4 +86 3 3
+4 * 3
+4 * 3
+4 * 3
+4 +9 2 2
+4 * 2
+88 +29 2 2 0 1 0 0 1
+4 * 2 0 0 1 0 0 1
cfn=(37)
calls=3 -40 -3 
* * 18 18 2 0 1 0 0 1
fi=(28)
0xe6bc 38 1 0 0 1 0 0 1
+4 -1 1 0 0 1 0 0 1
+4 * 1 0 1
+4 +3 1
+4 -2 1 1 0 0 1 0 0 1
+4 +1 1 1 0 0 1 0 0 1
+4 * 1 0 2
+4 +1 1
+4 * 1
cob=(2)
cfi=(29)
cfn=(138)
calls=1 0x967f0 +1 
* * 15 4 0 3 0 0 3
fi=(10)
+4 +85 1 0 1
+4 * 1
cfn=(37)
calls=1 0xe5a0 +8 
* * 13 11 1
fe=(11)

fn=(39)
0x8c80 762 1 1
+4 -4 1
+4 * 1 0 1
+4 +1 1 0 2
+4 +3 1 1 0 0 1
+4 * 1
+4 * 1 0 1
+4 +4 1
+4 * 1
+4 +5 1 1
+4 * 1 1
+4 -2 1
+4 +6 1
+4 -7 1 0 1
+4 * 1 2
+4 * 1
+4 * 1
+4 * 1 0 1
+4 * 1
cfn=(39)
calls=1 +16 +8 
* * 377 127 47 7 8 5 0 6 5
+16 +8 3 3
+4 * 3 0 3 0 0 1 0 0 1
+4 * 3 3
+4 * 3 0 3
+4 * 3 0 3
+4 * 3
+4 * 3 0 3
+4 * 3
+4 * 3
+4 * 3
+4 * 3 0 0 1 0 0 1
cfn=(42) do_lookup_x
calls=4 0x81e0 348 
* * 1105 377 129 30 39 10 23 37 10

fn=(42)
0x81e0 348 3 0 0 2 0 0 1
+4 * 3 0 6 0 0 2 0 0 2
+4 * 3
+4 * 3 3
+4 * 3 0 6
+4 * 3
+4 * 3 3
+4 * 3 3
+4 * 3 0 6 2 0 1 1 0 1
+4 +1 3 3
+4 -1 3 0 6 0 0 1 0 0 1
+4 * 3 0 6
+4 * 3 0 6
+4 * 3 0 3 0 0 1 0 0 1
+4 * 3 0 3 0 0 1 0 0 1
+4 * 3 0 6
+4 * 3
+4 * 3 0 3
+4 +7 3 3
+4 +41 3
+4 -30 3
+4 +33 3
+4 -25 3
+4 * 3
+4 * 3 0 0 1 0 0 1
+4 * 3
+4 * 3 0 3
+4 * 3
cfn=(43) do_lookup_x'2
calls=4 0x82c0 -15 
* * 925 302 72 23 38 4 18 36 4
0x8d04 776 3
+4 +5 3 3
+4 +23 3 3
+4 * 3
+4 -23 3
+4 +24 3
+4 * 3 3
+4 * 3
+4 * 3
+4 * 3
+4 +7 3 3
+4 -7 3
+4 +35 3 3
+4 * 3
+4 * 3
+4 * 3 0 0 1 0 0 1
+4 +34 3 3
+4 * 3
+4 -20 3 3 0 0 1 0 0 1
+4 * 3
+4 +3 3 3
+4 * 3
+4 +19 3 6
+4 * 3
+4 * 3 6
+4 * 3 6
+4 * 3 6
+4 * 3 6
+4 -76 3 0 3
+4 +76 3 6
+4 * 3
+4 * 3 0 0 1 0 0 1

fn=(43)
0x8250 380 9 9 0 0 2 0 0 2
+4 * 9
+4 +8 9 9 0 0 2 0 0 2
+4 -4 9 0 9 0 0 1 0 0 1
fi=(14)
+4 81 9 9
fe=(11)
+4 388 9
+4 -3 9 0 9
+4 +3 9 9 0 0 2 0 0 2
+4 * 9
+12 +1 9 9
+4 +3 9 9 0 1 0 0 1
+4 -3 9 9
+4 * 9
+4 +4 9
+4 +4 9 9
+4 +3 9 9
+4 -3 9
+4 +3 9
+4 -5 9 9 0 0 5 0 0 5
+4 +8 9
+4 * 9
+4 * 9
+4 * 9
+4 +99 6
+4 * 6
+4 * 6
+4 359 9 9 0 1 2 0 1 1
+4 * 9 9 0 0 2 0 0 2
+4 +3 9
+4 * 9
+4 +4 9
+16 +4 9 9 0 0 2 0 0 2
+4 * 9
+4 +4 9 9 0 0 1 0 0 1
+4 * 9
0x8490 +33 3 0 0 2 0 0 1
+4 -1 3 3
+4 * 3
+4 * 3 3 0 0 3 0 0 3
+4 +2 3
+4 +2 3 3
+4 +6 3
+4 * 3
+4 -6 3 0 6
+4 * 3
+4 * 3 0 3
+4 * 3
+4 * 3 0 0 2 0 0 1
+4 * 3
+4 * 3 0 3
+4 * 3 0 3
+4 * 3 0 3
+4 * 3
cfn=(43)
calls=4 +12 +3 
* * 565 167 36 17 17 3 14 16 3
+12 +3 3 3 0 0 3 0 0 3
+4 * 3
+4 * 3
+4 * 3
+4 +2 3 3
+4 +1 3 0 6 0 0 1 0 0 1
+4 * 3 3
+4 * 3 6
+4 -1 3 0 0 1 0 0 1
+4 +1 3 3
+4 * 3
+4 +1 3
+4 -1 3 0 3
+4 * 3
+4 * 3
+4 +1 3
+4 -1 3
+4 * 3
cfn=(44)
calls=4 0x8060 71 
* * 400 83 21 12 14 2 10 13 2
+4 +4 3
0x8b58 177 3 6 0 1 0 0 1
+4 * 3
+4 * 3 3
+4 * 3
+4 * 3 3
+4 * 3 3
+4 * 3 3
+4 * 3
cfi=(14)
cfn=(48)
calls=4 0x8420 -36 
* * 84 48 6 3 0 0 2

fl=(13)
fn=(46)
0x1c1c0 64 6 0 0 2 0 0 1
+4 +3 6
+4 +1 6
+4 +1 6
+4 +1 6
+4 +1 6
+4 +1 3
+44 +26 3 0 0 2 0 0 1
+4 +1 3
+4 +1 3
+4 +2 3
+4 +5 3
+4 +1 3
+4 +3 3
+4 +1 3
+4 +1 3
+12 +8 3
+4 +1 3 3 0 0 1 0 0 1
+4 +1 3 3 0 0 2 0 0 1
+4 +1 3
+4 +1 3
+4 +1 3
+4 +1 3
+4 +1 3
+4 +1 3
cfn=(47) strcmp'2
calls=4 0x1c1e8 -44 
* * 69 6
+4 +5 3 0 0 1 0 0 1
+4 +2 1 1 0 0 1 0 0 1
+4 +1 1 1
+4 +1 1
+4 +1 1
+4 +1 1
+4 +1 1
+4 +1 1
+4 +3 3
+4 +1 3
+4 +1 3 3
+4 +4 3 0 0 1 0 0 1
+4 +1 3
+4 +1 3
+4 +1 3
+4 +1 3
+4 +1 3
+4 +2 3
+4 * 3
+4 +5 3 3
+4 +1 3 3
+4 +4 3
+4 +1 3
+4 +1 3 3 0 0 2 0 0 2
+4 +1 3
+4 +1 3
+4 +1 3
+4 +2 3 0 0 1 0 0 1
+4 +4 3
+4 +1 3
+4 +1 3

fn=(47)
0x1c1e0 77 3 3
+4 +1 3 3
+4 +7 3
+4 +1 3
+4 +2 3
+4 +1 3
+4 +1 3
-16 -5 3
+4 +1 3
+4 +2 3
+4 +1 3
+4 +1 3
+4 +4 3
+4 +1 3
+4 +3 3
+4 +1 3
+4 +1 3
+4 +2 3
+4 +5 3
+4 +1 3
+4 +3 3
+4 +1 3
+4 +1 3

totals: 32977678 10263281 7030075 13366 341 8205 259 115 7946
