# callgrind format
version: 1
creator: callgrind-3.19.0
pid: 3440
cmd:  ./sensor_rpi
part: 1


desc: I1 cache: 16384 B, 64 B, 4-way associative
desc: D1 cache: 16384 B, 64 B, 4-way associative
desc: LL cache: 262144 B, 64 B, 8-way associative

desc: Timerange: Basic block 0 - 4286201
desc: Trigger: Program termination

positions: instr line
events: Ir Dr Dw I1mr D1mr D1mw ILmr DLmr DLmw
summary: 0


ob=(1) /home/pi/LAB2_RTS/bin/sensor_rpi
fl=(3) /usr/aarch64-linux-gnu/include/c++/15/bits/stl_vector.h
fn=(142) std::vector<double, std::allocator<double> >::_Guard_alloc::~_Guard_alloc()
0x401e34 1880 11 0 22
+4 * 11
+4 * 11 0 11
+4 +2 11 11 0 2 0 0 2
+4 * 11 11
+4 * 11
+4 * 11
+4 +1 10 10
+4 * 10 10
+4 * 10 10
+4 * 10 10
+4 * 10 10
+4 * 10 10
+4 * 10
+4 * 10
+4 * 10
cfn=(152) std::_Vector_base<double, std::allocator<double> >::_M_deallocate(double*, unsigned long)
calls=10 0x4012f4 392 
* * 1120 312 264 22 6 0 20 1
+4 +1 11
+4 * 11 22
+4 * 11

fn=(130) std::vector<double, std::allocator<double> >::_S_nothrow_relocate(std::integral_constant<bool, true>)
0x4013c0 500 11 0 0 1 0 0 1
+4 * 11 0 11
+4 +5 11
+4 +1 11
+4 * 11

fn=(14) std::_Vector_base<int, std::allocator<int> >::_Vector_impl_data::_Vector_impl_data()
0x40113c 105 1000 0 0 1 0 0 1
+4 * 1000 0 1000 1 0 1 1 0 1
+4 +1 1000 1000
+4 * 1000 0 1000
+4 * 1000 1000
+4 * 1000 0 1000
+4 * 1000 1000
+4 * 1000 0 1000
+4 +1 1000
+4 * 1000
+4 * 1000

fn=(134) std::vector<double, std::allocator<double> >::_S_relocate(double*, double*, double*, std::allocator<double>&)
fi=(4) /usr/aarch64-linux-gnu/include/c++/15/bits/vector.tcc
0x401604 599 10 0 10
+4 +2 10 10
+4 * 10
+4 * 10 0 10
+4 * 10
cfn=(103) void std::vector<double, std::allocator<double> >::_M_realloc_append<double const&>(double const&)'2
calls=10 0x401678 +37 
* * 1650 582 344 23 6 0 21 1
fe=(3)
0x401e80 -67 11 0 22 1 0 0 1
+4 * 11
+4 * 11 0 11
+4 * 11 0 11
+4 * 11 0 11
+4 * 11 0 11
+4 +8 11 11
+4 * 11 11
+4 * 11 11
+4 * 11 11
+4 * 11
cfn=(136) std::vector<double, std::allocator<double> >::_S_do_relocate(double*, double*, double*, std::allocator<double>&, std::integral_constant<bool, true>)
calls=11 0x40237c -20 
* * 1792 821 772 7 109 121 5 0 121
+4 +2 1 2
+4 * 1

fn=(30) std::vector<int, std::allocator<int> >::_M_check_len(unsigned long, char const*) const
fi=(4)
0x4018c4 566 1000 0 1000
+4 +1 1000 1000
+4 * 1000
+4 +2 1000 1000
+4 * 1000 1000
+4 * 1000 0 1000
+4 +1 1000 1000
+4 * 1000 1000
+4 * 1000 0 1000
+4 +1 1000 1000
+4 * 1000
cfi=(3)
cfn=(44) std::vector<int, std::allocator<int> >::end()
calls=1000 0x402060 1018 
* * 29000 11000 6000 2 0 0 2
+4 * 1000 0 1000 0 0 1 0 0 1
+4 * 1000 1000
+4 * 1000
cfi=(3)
cfn=(46) std::vector<int, std::allocator<int> >::begin()
calls=1000 0x4020d8 998 
* * 28000 11000 6000 2 0 0 2
+4 * 1000 0 1000
+4 * 1000 0 0 1 0 0 1
+4 * 1000 0 1000
fi=(11) /usr/aarch64-linux-gnu/include/c++/15/bits/stl_iterator.h
+4 1166 1000 1000
+4 1340 1000 1000
+4 * 1000
+4 * 1000 0 1000
+4 1166 1000 1000
+4 1340 1000 1000
+4 * 1000
+4 * 1000
fi=(4)
+4 571 1000 0 1000
+4 +1 1000 1000
+4 * 1000 1000
+4 * 1000
cfi=(3)
cfn=(48) std::_Vector_base<int, std::allocator<int> >::_M_allocate(unsigned long)
calls=1000 0x40214c 384 
* * 336256 112044 86012 46 6 3 36 6 3
fe=(3)
0x401f2c 2202 8000 0 0 1 0 0 1
+4 * 8000 0 16000 0 0 1 0 0 1
+4 * 8000
+4 * 8000 0 8000
+4 * 8000 0 8000 0 0 1 0 0 1
+4 * 8000 0 8000 3 0 0 1
+4 * 8000 0 8000
+4 * 8000
+4 * 8000 8000
+4 * 8000 8000
+4 * 8000 0 8000
+4 * 8000
+4 +2 8000 8000
+4 * 8000
cfn=(32) std::vector<int, std::allocator<int> >::max_size() const
calls=8000 0x40244c 1128 
* * 496000 160000 120000 6 0 2 6 0 2
+4 * 8000
+4 * 8000 8000
+4 * 8000
cfn=(40) std::vector<int, std::allocator<int> >::size() const
calls=8000 0x400ebc 1117 
* * 112000 48000 16000 1 0 0 1
+4 * 8000
+4 * 8000 8000
+4 * 8000
+4 * 8000
+4 * 8000 0 0 1 0 0 1
+4 * 8000
+4 * 8000
+4 * 8000
+44 +3 8000 8000
+4 * 8000
cfn=(40)
calls=8000 0x400ebc 1117 
* * 112000 48000 16000
+4 * 8000 0 0 1 0 0 1
+4 * 8000 8000
+4 * 8000
cfn=(40)
calls=8000 0x400ebc 1117 
* * 112000 48000 16000
+4 * 8000 0 8000
+4 * 8000
+4 * 8000
+4 * 8000
cfi=(5) /usr/aarch64-linux-gnu/include/c++/15/bits/stl_algobase.h
cfn=(42) unsigned long const& std::max<unsigned long>(unsigned long const&, unsigned long const&)
calls=8000 0x402344 258 
* * 202000 78000 34000 3 0 0 3
+4 * 7000 7000
+4 * 7000
+4 * 7000 0 7000
+4 +1 7000 7000
+4 * 7000
cfn=(40)
calls=7000 0x400ebc 1117 
* * 98000 42000 14000
+4 * 7000
+4 * 7000 7000
+4 * 7000
+4 * 7000
+4 * 7000 7000
+4 * 7000
cfn=(32)
calls=7000 0x40244c 1128 
* * 434000 140000 105000
+4 * 7000
+4 * 7000 7000
+4 * 7000
+4 * 7000
+16 * 7000 7000
+4 * 7000
+4 +1 7000
+4 * 7000 7000
+4 * 7000 7000
+4 * 7000 7000
+4 * 7000
+4 * 7000
+4 * 7000
+8 * 7000
+4 * 7000 14000
+4 * 7000 7000
+4 * 7000
+4 * 7000

fn=(68) std::_Vector_base<int, std::allocator<int> >::_M_get_Tp_allocator()
0x402260 307 8000 0 0 1 0 0 1
+4 * 8000 0 8000
+4 +1 8000 8000
+4 * 8000
+4 * 8000

fn=(78) std::vector<int, std::allocator<int> >::_Guard_alloc::~_Guard_alloc()
0x4021e0 1880 8000 0 16000
+4 * 8000
+4 * 8000 0 8000
+4 +2 8000 8000
+4 * 8000 8000
+4 * 8000
+4 * 8000
+4 +1 7000 7000
+4 * 7000 7000
+4 * 7000 7000
+4 * 7000 7000
+4 * 7000 7000
+4 * 7000 7000
+4 * 7000
+4 * 7000
+4 * 7000
cfn=(84) std::_Vector_base<int, std::allocator<int> >::_M_deallocate(int*, unsigned long)
calls=7000 0x401168 392 
* * 630000 175000 154000 7 0 0 7
+4 +1 8000
+4 * 8000 16000
+4 * 8000

fn=(100) std::vector<double, std::allocator<double> >::push_back(double const&)
fi=(1) /workspaces/LAB2_RTS/src/sensor_data_processing.cpp
0x400b90 42 1
cfn=(3) generate_sensor_data()'2
calls=1 0x400994 -27 
* * 29767186 10192595 6260597 3069 142 7922 47 9 7908
0x400c50 +7 1
+4 * 1 0 1
+4 * 1
+4 -8 1 1
+4 * 1
+4 * 1 0 1
+4 * 1 1
+4 * 1
+4 * 1
fe=(3)
0x40105c 1416 1 0 2 1 0 0 1
+4 * 1
+4 * 1 0 1
+4 * 1 0 1
+4 * 1 0 1
+4 +2 1 1
+4 * 1 1
+4 * 1 1
+4 * 1 1
+4 * 1 0 0 1 0 0 1
+4 * 1
0x401120 +9 1 1
+4 * 1 1
+4 * 1
cfi=(4)
cfn=(102) void std::vector<double, std::allocator<double> >::_M_realloc_append<double const&>(double const&)
calls=1 0x401464 557 
* * 698 241 161 40 0 0 40

fn=(101) std::vector<double, std::allocator<double> >::push_back(double const&)'2
fi=(1)
0x400b90 42 998
cfn=(3)
calls=998 0x400994 -27 
* * 14849762403 5084853102 3123184517 1515958 52657 3938639 13283 2180 3933311
0x400c50 +7 999
+4 * 999 0 999
+4 * 999
+4 -8 999 999
+4 * 999
+4 * 999 0 999
+4 * 999 999
+4 * 999
+4 * 999
fe=(3)
0x40105c 1416 999 0 1998
+4 * 999
+4 * 999 0 999
+4 * 999 0 999
+4 * 999 0 999
+4 +2 999 999
+4 * 999 999
+4 * 999 999
+4 * 999 999
+4 * 999
+4 * 999
+4 +3 989 989
+4 * 989 989
+4 * 989 989
+4 * 989 0 989
+4 * 989 0 989
+4 * 989 989
+4 * 989 0 989
+4 * 989 989
+4 * 989 0 989
fi=(12) /usr/aarch64-linux-gnu/include/c++/15/bits/move.h
+4 73 989 989
+4 * 989 989
+4 * 989 0 989
+4 * 989 0 989
+4 * 989 989
+4 * 989 0 989 1 0 0 1
fi=(6) /usr/aarch64-linux-gnu/include/c++/15/bits/new_allocator.h
+4 191 989 989
+4 * 989
+4 * 989
+4 * 989
cfi=(8) /usr/aarch64-linux-gnu/include/c++/15/new
cfn=(60) operator new(unsigned long, void*)
calls=989 0x400d74 +17 
* * 5934 989 1978
+4 * 989 989
+4 * 989 0 989
fi=(12)
+4 73 989 989
fi=(6)
+4 191 989 989
+4 * 989 0 989 0 0 121 0 0 116
+4 * 989
+4 * 989
+4 * 989
+4 * 989
+12 * 989
fi=(7) /usr/aarch64-linux-gnu/include/c++/15/bits/alloc_traits.h
+4 680 989
fe=(3)
+4 1423 989 989
+4 * 989 989
+4 * 989
+4 * 989 989
+4 * 989 0 989
+4 +5 989
cfn=(101)
calls=989 +16 * 
* * 3956 2967
+4 -1 10 10
+4 * 10 10
+4 * 10
cfi=(4)
cfn=(102)
calls=10 0x401464 557 
* * 9960 3434 2423 39 120 131 24 6 131
+4 +1 989
+4 * 989 989
+4 * 989 1978
+4 * 989

fn=(114) std::vector<double, std::allocator<double> >::end()
0x401cb4 1018 11
+4 * 11 0 22
+4 * 11
+4 * 11 0 11 1 0 0 1
+4 * 11
+4 * 11 11
+4 * 11 11
+4 * 11 0 11
+4 * 11
+4 +1 11 11
+4 * 11
+4 * 11 0 11
fi=(11)
+4 +40 11 11
+4 * 11 11
+4 * 11 0 11
+4 * 11
fe=(3)
+4 -40 11 11
+4 * 11
+4 * 11
+4 * 11 11 0 1 0 0 1
+4 * 11 11
+4 * 11 11
+4 * 11
+4 * 11
+4 * 11
+8 * 11
+4 * 11 22
+4 * 11
+4 * 11

fn=(32)
0x40244c 1128 16000 0 32000 1 0 0 1
+4 * 16000
+4 * 16000 0 16000
+4 +1 16000 16000
+4 * 16000
cfn=(34) std::_Vector_base<int, std::allocator<int> >::_M_get_Tp_allocator() const
calls=16000 0x4027b0 312 
* * 80000 16000 16000 2 0 1 2 0 1
+4 * 16000
cfn=(36) std::vector<int, std::allocator<int> >::_S_max_size(std::allocator<int> const&)
calls=16000 0x402718 2222 
* * 784000 256000 176000 3 0 1 3 0 1
+4 * 16000 32000
+4 * 16000

fn=(116) std::vector<double, std::allocator<double> >::begin()
0x401d2c 998 11
+4 * 11 0 22
+4 * 11
+4 * 11 0 11
+4 * 11
+4 * 11 11 0 1 0 0 1
+4 * 11 11
+4 * 11 0 11
+4 * 11
+4 +1 11 11
+4 * 11 0 11
fi=(11)
+4 +60 11 11
+4 * 11 11
+4 * 11 0 11
+4 * 11
fe=(3)
+4 -60 11 11
+4 * 11
+4 * 11
+4 * 11 11
+4 * 11 11
+4 * 11 11
+4 * 11 0 0 1 0 0 1
+4 * 11
+4 * 11
+8 * 11
+4 * 11 22
+4 * 11
+4 * 11

fn=(34)
0x4027b0 312 16000 0 0 1 0 0 1
+4 * 16000 0 16000 0 0 1 0 0 1
+4 +1 16000 16000
+4 * 16000
+4 * 16000 0 0 1 0 0 1

fn=(36)
0x402718 2222 16000 0 0 1 0 0 1
+4 * 16000 0 32000
+4 * 16000
+4 * 16000 0 16000 0 0 1 0 0 1
+4 * 16000
+4 * 16000 16000
+4 * 16000 16000
+4 * 16000 0 16000
+4 * 16000
+4 +5 16000
+4 * 16000 0 16000 1 0 0 1
+4 * 16000 16000
+4 * 16000 0 16000
+4 * 16000 16000
+4 * 16000 0 16000
+4 * 16000 16000
+4 * 16000 0 16000
fi=(6)
+4 233 16000
+4 -50 16000
fi=(7)
+4 712 16000
fe=(3)
+4 2229 16000 0 16000
+4 +1 16000
+4 * 16000
+4 * 16000
cfi=(5)
cfn=(38) unsigned long const& std::min<unsigned long>(unsigned long const&, unsigned long const&)
calls=16000 0x401748 234 
* * 192000 80000 32000 1 0 0 1
+4 * 16000 16000
+4 * 16000
+4 +1 16000
+4 * 16000 16000
+4 * 16000 16000
+4 * 16000 16000
+4 * 16000
+4 * 16000
+4 * 16000
+8 * 16000
+4 * 16000 32000
+4 * 16000
+4 * 16000

fn=(124) std::vector<double, std::allocator<double> >::_Guard_alloc::_Guard_alloc(double*, unsigned long, std::_Vector_base<double, std::allocator<double> >&)
0x401df0 1875 11
+4 * 11 0 11
+4 * 11 0 11
+4 * 11 0 11
+4 * 11 0 11 1 0 0 1
+4 +1 11 11
+4 * 11 11
+4 * 11 0 11
+4 * 11 11
+4 * 11 11
+4 * 11 0 11
+4 * 11 11
+4 * 11 11
+4 * 11 0 11
+4 +1 11
+4 * 11
+4 * 11

fn=(8) std::vector<int, std::allocator<int> >::vector()
0x400dc4 561 1000 0 2000 1 0 0 1
+4 * 1000
+4 * 1000 0 1000
+4 * 1000 1000
+4 * 1000
cfn=(10) std::_Vector_base<int, std::allocator<int> >::_Vector_base()
calls=1000 -48 321 
* * 33000 11000 12000 5 0 1 5 0 1
+4 * 1000
+4 * 1000 2000
+4 * 1000

fn=(152)
0x4012f4 392 10 0 20 2 0 0 2
+4 * 10
+4 * 10 0 10
+4 * 10 0 10 1 0 0 1
+4 * 10 0 10
+4 +3 10 10
+4 * 10
+4 * 10
+4 +1 10 10
+4 * 10 0 10
+4 * 10 10
+4 * 10 0 10
+4 * 10 10
+4 * 10 0 10
fi=(7)
+4 649 10 10
+4 * 10 10
+4 * 10 10
+4 * 10
cfi=(6)
cfn=(154) std::__new_allocator<double>::deallocate(double*, unsigned long)
calls=10 0x4022c4 156 
* * 900 222 184 19 6 0 17 1
+4 * 10
fe=(3)
+4 397 10
+4 * 10 20
+4 * 10

fn=(104) std::vector<double, std::allocator<double> >::_M_check_len(unsigned long, char const*) const
fi=(4)
0x4014a4 566 1 0 1
+4 +1 1 1
+4 * 1
+4 +2 1 1
+4 * 1 1
+4 * 1 0 1
+4 +1 1 1
+4 * 1 1 0 1 0 0 1
+4 * 1 0 1
+4 +1 1 1
+4 * 1
cfi=(3)
cfn=(114)
calls=1 0x401cb4 1018 
* * 29 11 6 2 0 0 2
+4 * 1 0 1
+4 * 1 1
+4 * 1
cfi=(3)
cfn=(116)
calls=1 0x401d2c 998 
* * 28 11 6 2 0 0 2
+4 * 1 0 1
+4 * 1
+4 * 1 0 1
fi=(11)
+4 1166 1 1
+4 1340 1 1
+4 * 1
+4 * 1 0 1
+4 1166 1 1
+4 1340 1 1
+4 * 1 0 0 1 0 0 1
+4 * 1
fi=(4)
+4 571 1 0 1
+4 +1 1 1
+4 * 1 1
+4 * 1
cfi=(3)
cfn=(118) std::_Vector_base<double, std::allocator<double> >::_M_allocate(unsigned long)
calls=1 0x401da0 384 
* * 336 112 86 22 0 0 22
fe=(3)
0x401b80 2202 11 0 0 11 0 0 1
+4 * 11 0 22
+4 * 11
+4 * 11 0 11
+4 * 11 0 11
+4 * 11 0 11
+4 * 11 0 11
+4 * 11
+4 * 11 11
+4 * 11 11
+4 * 11 0 11
+4 * 11
+4 +2 11 11
+4 * 11
cfn=(106) std::vector<double, std::allocator<double> >::max_size() const
calls=11 0x4022ec 1128 
* * 682 220 165 6 0 0 6
+4 * 11
+4 * 11 11
+4 * 11 0 0 2 0 0 1
cfn=(112) std::vector<double, std::allocator<double> >::size() const
calls=11 0x40230c 1117 
* * 154 66 22
+4 * 11
+4 * 11 11
+4 * 11
+4 * 11
+4 * 11
+4 * 11
+4 * 11
+4 * 11
+44 +3 11 11 0 1 0 0 1
+4 * 11
cfn=(112)
calls=11 0x40230c 1117 
* * 154 66 22
+4 * 11
+4 * 11 11
+4 * 11
cfn=(112)
calls=11 0x40230c 1117 
* * 154 66 22
+4 * 11 0 11
+4 * 11
+4 * 11
+4 * 11
cfi=(5)
cfn=(42)
calls=11 0x402344 258 
* * 238 93 40 2 0 0 2
+4 * 10 10
+4 * 10
+4 * 10 0 10
+4 +1 10 10
+4 * 10
cfn=(112)
calls=10 0x40230c 1117 
* * 140 60 20
+4 * 10
+4 * 10 10
+4 * 10
+4 * 10
+4 * 10 10
+4 * 10
cfn=(106)
calls=10 0x4022ec 1128 
* * 620 200 150
+4 * 10
+4 * 10 10
+4 * 10
+4 * 10
+16 * 10 10
+4 * 10
+4 +1 10
+4 * 10 10
+4 * 10 10
+4 * 10 10
+4 * 10
+4 * 10
+4 * 10
+8 * 10
+4 * 10 20
+4 * 10 10
+4 * 10
+4 * 10

fn=(132) std::_Vector_base<double, std::allocator<double> >::_M_get_Tp_allocator()
0x40134c 307 11
+4 * 11 0 11
+4 +1 11 11
+4 * 11
+4 * 11

fn=(12) std::_Vector_base<int, std::allocator<int> >::_Vector_impl::_Vector_impl()
0x400e50 143 1000 0 2000 1 0 0 1
+4 * 1000
+4 * 1000 0 1000
+4 * 1000 1000
+4 * 1000 0 1000
+4 * 1000 1000
+4 * 1000 0 1000
fi=(6)
+4 -55 1000
fi=(13) /usr/aarch64-linux-gnu/include/c++/15/bits/allocator.h
+4 +80 1000
fe=(3)
+4 -20 1000 1000
+4 * 1000
cfn=(14)
calls=1000 0x40113c -43 
* * 11000 3000 4000 2 0 1 2 0 1
+4 +1 1000
+4 * 1000 2000 0 1 0 0 1
+4 * 1000

fn=(44)
0x402060 1018 8000
+4 * 8000 0 16000
+4 * 8000
+4 * 8000 0 8000
+4 * 8000
+4 * 8000 8000
+4 * 8000 8000
+4 * 8000 0 8000
+4 * 8000 0 0 1 0 0 1
+4 +1 8000 8000
+4 * 8000
+4 * 8000 0 8000
fi=(11)
+4 +40 8000 8000
+4 * 8000 8000
+4 * 8000 0 8000
+4 * 8000
fe=(3)
+4 -40 8000 8000
+4 * 8000
+4 * 8000
+4 * 8000 8000
+4 * 8000 8000
+4 * 8000 8000
+4 * 8000
+4 * 8000
+4 * 8000 0 0 1 0 0 1
+8 * 8000
+4 * 8000 16000
+4 * 8000
+4 * 8000

fn=(48)
fi=(4)
0x401938 572 8000 0 8000 0 0 1 0 0 1
+4 +1 8000 8000
+4 * 8000 0 8000 1 0 0 1
+4 +3 8000 8000
+4 * 8000
+4 * 8000
+4 * 8000 8000
+4 * 8000 8000
+4 * 8000
cfi=(3)
cfn=(58) std::vector<int, std::allocator<int> >::_Guard_alloc::_Guard_alloc(int*, unsigned long, std::_Vector_base<int, std::allocator<int> >&)
calls=8000 0x40219c 1875 
* * 136000 48000 56000 1 0 0 1
+4 +10 8000 8000
+4 +1 8000 8000
+4 * 8000
+4 -1 8000 8000
+4 * 8000
+4 * 8000 0 8000
fi=(14) /usr/aarch64-linux-gnu/include/c++/15/bits/ptr_traits.h
+4 211 8000 8000
+4 * 8000 8000
+4 * 8000 0 8000
fi=(12)
+4 73 8000 8000 0 1 0 0 1
+4 * 8000 0 8000
+4 * 8000 0 8000
+4 * 8000 0 8000
+4 * 8000 8000
+4 * 8000 0 8000
+4 * 8000 8000
+4 * 8000 8000
+4 * 8000 0 8000
+4 * 8000 0 8000
+4 * 8000 8000
+4 * 8000 0 8000
fi=(6)
+4 191 8000 8000
+4 * 8000
+4 * 8000
+4 * 8000
cfi=(8)
cfn=(60)
calls=8000 0x400d74 +17 
* * 48000 8000 16000 1 0 0 1
+4 * 8000 8000 0 1 0 0 1
+4 * 8000 0 8000
fi=(12)
+4 73 8000 8000
fi=(6)
+4 191 8000 8000
+4 * 8000 0 8000 0 0 994 0 0 994
+4 * 8000
+4 * 8000
+4 * 8000
+4 * 8000
+12 * 8000
fi=(7)
+4 680 8000
fi=(4)
+4 -84 8000
cfi=(3)
cfn=(64) std::vector<int, std::allocator<int> >::_S_use_relocate()
calls=8000 0x401780 -83 
* * 224000 56000 32000 2 0 0 2
+4 * 8000
+4 * 8000
+4 * 8000 0 0 1 0 0 1
+4 * 8000
+4 +4 8000 8000
+4 * 8000
cfi=(3)
cfn=(68)
calls=8000 0x402260 307 
* * 40000 8000 8000 1 0 0 1
+4 -1 8000
+4 * 8000 8000
+4 * 8000 8000
+4 * 8000 8000
+4 * 8000
cfi=(3)
cfn=(70) std::vector<int, std::allocator<int> >::_S_relocate(int*, int*, int*, std::allocator<int>&)
calls=8000 0x40222c -65 
* * 1758000 660000 493000 1027 1 3216 19 1 3216
+4 * 1000 0 1000
+4 +2 1000 1000
+4 * 1000
+4 * 1000 0 1000
+4 * 1000
cfn=(29) void std::vector<int, std::allocator<int> >::_M_realloc_append<int>(int&&)'2
calls=1000 0x401a98 +37 
* * 44000 21000 8000 14 0 0 4
fe=(3)
0x40214c 384 8000 0 16000
+4 * 8000
+4 * 8000 0 8000
+4 * 8000 0 8000
+4 +3 8000 8000
+4 * 8000
+4 * 8000
+4 * 8000 8000
+4 * 8000 0 8000
+4 * 8000 8000
+4 * 8000 0 8000
fi=(7)
+4 614 8000
+4 * 8000 8000
+4 * 8000 8000 0 1 0 0 1
+4 * 8000
cfi=(6)
cfn=(50) std::__new_allocator<int>::allocate(unsigned long, void const*)
calls=8000 0x4027c4 126 
* * 995475 191608 124582 43 28 1490 38 14 1486
+4 * 6016
+4 * 6016
cfi=(3)
cfn=(49) std::_Vector_base<int, std::allocator<int> >::_M_allocate(unsigned long)'2
calls=6016 +8 388 
* * 12032 12032
fe=(3)

fn=(49)
0x402194 388 8000 16000
+4 * 8000

fn=(10)
0x400da4 321 1000 0 2000 1 0 0 1
+4 * 1000
+4 * 1000 0 1000
+4 * 1000 1000
+4 * 1000
cfn=(12)
calls=1000 0x400e50 143 
* * 25000 8000 9000 4 0 1 4 0 1
+4 * 1000
+4 * 1000 2000
+4 * 1000

fn=(40)
0x400ebc 1117 234000
+4 * 234000 0 234000 1 0 0 1
+4 +2 234000 234000
+4 * 234000 234000
+4 * 234000 234000
+4 * 234000 234000
+4 * 234000
+4 * 234000
+4 * 234000 0 234000
+4 +1 234000 234000
+4 * 234000
+4 +2 234000 234000
+4 +1 234000
+4 * 234000

fn=(66) std::vector<int, std::allocator<int> >::_S_nothrow_relocate(std::integral_constant<bool, true>)
0x4017e0 500 8000 0 0 1 0 0 1
+4 * 8000 0 8000
+4 +5 8000
+4 +1 8000
+4 * 8000

fn=(108) std::_Vector_base<double, std::allocator<double> >::_M_get_Tp_allocator() const
0x4025ec 312 22 0 0 2 0 0 2
+4 * 22 0 22
+4 +1 22 22
+4 * 22
+4 * 22

fn=(110) std::vector<double, std::allocator<double> >::_S_max_size(std::allocator<double> const&)
0x402554 2222 22 0 0 1 0 0 1
+4 * 22 0 44
+4 * 22
+4 * 22 0 22
+4 * 22
+4 * 22 22
+4 * 22 22
+4 * 22 0 22
+4 * 22
+4 +5 22
+4 * 22 0 22
+4 * 22 22 0 1 0 0 1
+4 * 22 0 22
+4 * 22 22
+4 * 22 0 22
+4 * 22 22
+4 * 22 0 22
fi=(6)
+4 233 22
+4 -50 22
fi=(7)
+4 712 22
fe=(3)
+4 2229 22 0 22
+4 +1 22
+4 * 22
+4 * 22
cfi=(5)
cfn=(38)
calls=22 0x401748 234 
* * 264 110 44
+4 * 22 22
+4 * 22
+4 +1 22
+4 * 22 22
+4 * 22 22
+4 * 22 22
+4 * 22
+4 * 22
+4 * 22
+8 * 22
+4 * 22 44
+4 * 22
+4 * 22

fn=(128) std::vector<double, std::allocator<double> >::_S_use_relocate()
0x401360 513 11 0 0 1 0 0 1
+4 * 11 0 22
+4 * 11
+4 * 11
+4 * 11 11
+4 * 11 11
+4 * 11 0 11
+4 * 11
+4 +5 11 0 0 1 0 0 1
+4 * 11
cfn=(130)
calls=11 +60 -18 
* * 55 0 11 1 0 0 1
+4 * 11
+4 * 11
+4 +1 11
+4 * 11 11
+4 * 11 11
+4 * 11 11
+4 * 11
+4 * 11
+4 * 11
+8 * 11
+4 * 11 22
+4 * 11
+4 * 11

fn=(118)
fi=(4)
0x401518 572 11 0 11
+4 +1 11 11
+4 * 11 0 11
+4 +3 11 11
+4 * 11
+4 * 11
+4 * 11 11
+4 * 11 11
+4 * 11
cfi=(3)
cfn=(124)
calls=11 0x401df0 1875 
* * 187 66 77 1 0 0 1
+4 +10 11 11
+4 +1 11 11 0 1 0 0 1
+4 * 11
+4 -1 11 11
+4 * 11
+4 * 11 0 11
fi=(14)
+4 211 11 11
+4 * 11 11
+4 * 11 0 11
fi=(12)
+4 73 11 11
+4 * 11 0 11
+4 * 11 0 11
+4 * 11 0 11
+4 * 11 11
+4 * 11 0 11
+4 * 11 11
+4 * 11 11
+4 * 11 0 11 1 0 0 1
+4 * 11 0 11
+4 * 11 11
+4 * 11 0 11
fi=(6)
+4 191 11 11
+4 * 11
+4 * 11
+4 * 11
cfi=(8)
cfn=(60)
calls=11 0x400d74 +17 
* * 66 11 22
+4 * 11 11
+4 * 11 0 11
fi=(12)
+4 73 11 11
fi=(6)
+4 191 11 11
+4 * 11 0 11 0 0 5 0 0 5
+4 * 11
+4 * 11
+4 * 11
+4 * 11 0 0 2 0 0 2
+12 * 11
fi=(7)
+4 680 11
fi=(4)
+4 -84 11
cfi=(3)
cfn=(128)
calls=11 0x401360 -83 
* * 308 77 44 3 0 0 3
+4 * 11
+4 * 11
+4 * 11
+4 * 11
+4 +4 11 11
+4 * 11
cfi=(3)
cfn=(132)
calls=11 0x40134c 307 
* * 55 11 11
+4 -1 11
+4 * 11 11
+4 * 11 11
+4 * 11 11
+4 * 11 0 0 1 0 0 1
cfi=(3)
cfn=(134)
calls=11 0x401e80 -65 
* * 3615 1459 1202 31 115 121 27 1 121
+4 * 1 0 1
+4 +2 1 1
+4 * 1
+4 * 1 0 1
+4 * 1
cfn=(103)
calls=1 0x401678 +37 
* * 44 21 8 5 0 0 5
fe=(3)
0x401da0 384 11 0 22
+4 * 11
+4 * 11 0 11
+4 * 11 0 11
+4 +3 11 11
+4 * 11
+4 * 11
+4 * 11 11
+4 * 11 0 11 1 0 0 1
+4 * 11 11
+4 * 11 0 11
fi=(7)
+4 614 11
+4 * 11 11
+4 * 11 11
+4 * 11
cfi=(6)
cfn=(120) std::__new_allocator<double>::allocate(unsigned long, void const*)
calls=11 0x402600 126 
* * 1590 301 184 3 5 5 3 5 5
+4 * 6
+4 * 6
cfi=(3)
cfn=(119) std::_Vector_base<double, std::allocator<double> >::_M_allocate(unsigned long)'2
calls=6 +8 388 
* * 12 12
fe=(3)

fn=(119)
0x401de8 388 11 22
+4 * 11

fn=(24) std::vector<int, std::allocator<int> >::push_back(int&&)
fi=(1)
0x4009fc 19 1000 1000
+4 * 1000
cfn=(17) read_sensor_value()'2
calls=1000 0x400970 -8 
* * 21295897 7245596 5008570 1051 23 7679 38 9 7675
+24 -1 1000 1000
+4 * 1000
+4 * 1000 0 1000
+4 * 1000 1000
+4 * 1000
+4 * 1000
fe=(3)
0x400e88 1433 1000 0 2000
+4 * 1000
+4 * 1000 0 1000
+4 * 1000 0 1000
+4 * 1000 1000
+4 * 1000 0 1000
fi=(12)
+4 139 1000 1000
fe=(3)
+4 1434 1000
+4 * 1000 1000
+4 * 1000
cfi=(4)
cfn=(26) void std::vector<int, std::allocator<int> >::emplace_back<int>(int&&)
calls=1000 0x4011c0 111 
* * 718256 250044 167012 71 6 10 59 6 10

fn=(25) std::vector<int, std::allocator<int> >::push_back(int&&)'2
fi=(1)
0x4009fc 19 98000 98000
+4 * 98000
cfn=(17)
calls=98000 0x400970 -8 
* * 865790892 296359615 206648382 664 879 487783 403 344 487720
+24 -1 99000 99000
+4 * 99000
+4 * 99000 0 99000
+4 * 99000 99000
+4 * 99000
+4 * 99000
+4 +4 1000 1000
+4 * 1000
+4 +1 1000
+4 * 1000 1000
+4 * 1000 1000 0 1 0 0 1
+4 * 1000 1000
+4 * 1000
+4 * 1000
+4 * 1000
+8 * 1000
+4 * 1000 2000
+4 * 1000 1000
+4 * 1000
+4 * 1000
fe=(3)
0x400e88 1433 99000 0 198000
+4 * 99000
+4 * 99000 0 99000
+4 * 99000 0 99000
+4 * 99000 99000
+4 * 99000 0 99000
fi=(12)
+4 139 99000 99000
fe=(3)
+4 1434 99000
+4 * 99000 99000
+4 * 99000
cfi=(4)
cfn=(26)
calls=99000 0x4011c0 111 
* * 11885283 4467596 3028570 1050 23 7679 37 9 7675

fn=(64)
0x401780 513 8000 0 0 1 0 0 1
+4 * 8000 0 16000
+4 * 8000
+4 * 8000
+4 * 8000 8000
+4 * 8000 8000
+4 * 8000 0 8000
+4 * 8000
+4 +5 8000
+4 * 8000
cfn=(66)
calls=8000 +60 -18 
* * 40000 0 8000 1 0 0 1
+4 * 8000
+4 * 8000
+4 +1 8000
+4 * 8000 8000
+4 * 8000 8000
+4 * 8000 8000
+4 * 8000
+4 * 8000
+4 * 8000
+8 * 8000
+4 * 8000 16000
+4 * 8000
+4 * 8000

fn=(106)
0x4022ec 1128 22 0 44 1 0 0 1
+4 * 22
+4 * 22 0 22
+4 +1 22 22
+4 * 22
cfn=(108)
calls=22 0x4025ec 312 
* * 110 22 22 2 0 0 2
+4 * 22 0 0 1 0 0 1
cfn=(110)
calls=22 0x402554 2222 
* * 1078 352 242 2 0 0 2
+4 * 22 44
+4 * 22

fn=(136)
0x401eac 544 10 20
+4 * 10
0x40237c -22 11 0 22
+4 * 11 0 0 1 0 0 1
+4 * 11 0 11
+4 * 11 0 11
+4 * 11 0 11
+4 * 11 0 11
+4 * 11 0 11
+4 +3 11 11
+4 * 11 11
+4 * 11 11
+4 * 11 11
+4 * 11
cfi=(9) /usr/aarch64-linux-gnu/include/c++/15/bits/stl_uninitialized.h
cfn=(138) double* std::__relocate_a<double*, double*, std::allocator<double> >(double*, double*, double*, std::allocator<double>&)
calls=11 0x402678 1353 
* * 1638 755 695 6 109 121 4 0 121
+4 +1 1 2
+4 * 1

fn=(72) std::vector<int, std::allocator<int> >::_S_do_relocate(int*, int*, int*, std::allocator<int>&, std::integral_constant<bool, true>)
0x402258 544 7000 14000
+4 * 7000
0x40246c -22 8000 0 16000
+4 * 8000
+4 * 8000 0 8000
+4 * 8000 0 8000
+4 * 8000 0 8000
+4 * 8000 0 8000 1 0 0 1
+4 * 8000 0 8000
+4 +3 8000 8000
+4 * 8000 8000
+4 * 8000 8000
+4 * 8000 8000
+4 * 8000
cfi=(9)
cfn=(74) int* std::__relocate_a<int*, int*, std::allocator<int> >(int*, int*, int*, std::allocator<int>&)
calls=8000 0x40283c 1353 
* * 520000 207000 165000 1018 1 3216 10 1 3216
+4 +1 1000 2000
+4 * 1000

fn=(58)
0x40219c 1875 8000
+4 * 8000 0 8000
+4 * 8000 0 8000
+4 * 8000 0 8000
+4 * 8000 0 8000
+4 +1 8000 8000
+4 * 8000 8000
+4 * 8000 0 8000
+4 * 8000 8000
+4 * 8000 8000 0 1 0 0 1
+4 * 8000 0 8000
+4 * 8000 8000
+4 * 8000 8000
+4 * 8000 0 8000
+4 +1 8000
+4 * 8000
+4 * 8000

fn=(70)
fi=(4)
0x401a24 599 7000 0 7000
+4 +2 7000 7000
+4 * 7000
+4 * 7000 0 7000
+4 * 7000
cfn=(29)
calls=7000 0x401a98 +37 
* * 1001000 364000 210000 7 0 0 7
fe=(3)
0x40222c -67 8000 0 16000 1 0 0 1
+4 * 8000
+4 * 8000 0 8000
+4 * 8000 0 8000
+4 * 8000 0 8000
+4 * 8000 0 8000
+4 +8 8000 8000
+4 * 8000 8000
+4 * 8000 8000
+4 * 8000 8000
+4 * 8000
cfn=(72)
calls=8000 0x40246c -20 
* * 632000 255000 221000 1019 1 3216 11 1 3216
+4 +2 1000 2000
+4 * 1000

fn=(46)
0x4020d8 998 8000
+4 * 8000 0 16000
+4 * 8000
+4 * 8000 0 8000
+4 * 8000
+4 * 8000 8000
+4 * 8000 8000
+4 * 8000 0 8000
+4 * 8000
+4 +1 8000 8000
+4 * 8000 0 8000 1 0 0 1
fi=(11)
+4 +60 8000 8000
+4 * 8000 8000
+4 * 8000 0 8000
+4 * 8000
fe=(3)
+4 -60 8000 8000
+4 * 8000
+4 * 8000
+4 * 8000 8000
+4 * 8000 8000
+4 * 8000 8000
+4 * 8000
+4 * 8000
+4 * 8000
+8 * 8000
+4 * 8000 16000 0 1 0 0 1
+4 * 8000
+4 * 8000

fn=(84)
0x401168 392 7000 0 14000
+4 * 7000
+4 * 7000 0 7000
+4 * 7000 0 7000
+4 * 7000 0 7000
+4 +3 7000 7000
+4 * 7000 0 0 1 0 0 1
+4 * 7000
+4 +1 7000 7000
+4 * 7000 0 7000
+4 * 7000 7000
+4 * 7000 0 7000
+4 * 7000 7000
+4 * 7000 0 7000
fi=(7)
+4 649 7000 7000
+4 * 7000 7000
+4 * 7000 7000
+4 * 7000
cfi=(6)
cfn=(86) std::__new_allocator<int>::deallocate(int*, unsigned long)
calls=7000 0x401f04 156 
* * 476000 112000 98000 6 0 0 6
+4 * 7000
fe=(3)
+4 397 7000
+4 * 7000 14000
+4 * 7000

fn=(98) std::vector<int, std::allocator<int> >::operator[](unsigned long)
0x400ef4 1261 100000 0 200000
+4 * 100000
+4 * 100000 0 100000
+4 * 100000 0 100000 1 0 0 1
+4 +2 100000 100000
+4 * 100000
cfn=(40)
calls=100000 -76 1117 
* * 1400000 600000 200000
+4 * 100000
+4 * 100000 100000
+4 * 100000
+4 * 100000
+4 * 100000
+4 * 100000
+4 * 100000
+4 * 100000
+4 * 100000
+4 * 100000
+4 * 100000
+4 * 100000
+36 +1 100000 100000 0 3 0 0 1
+4 * 100000 100000
+4 * 100000 100000
+4 * 100000
+4 * 100000
+4 +1 100000 200000
+4 * 100000

fn=(112)
0x40230c 1117 44
+4 * 44 0 44
+4 +2 44 44
+4 * 44 44
+4 * 44 44
+4 * 44 44
+4 * 44
+4 * 44
+4 * 44 0 44
+4 +1 44 44
+4 * 44
+4 +2 44 44
+4 +1 44
+4 * 44

fl=(8)
fn=(60)
0x400d74 208 101000 0 0 1 0 0 1
+4 * 101000 0 101000
+4 * 101000 0 101000
+4 * 101000 101000
+4 * 101000
+4 * 101000

fl=(2) ???
fn=(166) _int_free_maybe_trim
0x560bf0 0 2 0 0 2 0 0 1
+4 0 2
+4 0 2 0 4
+4 0 2
+4 0 2 0 4 1 0 0 1
+4 0 2
+4 0 2
+4 0 2 2
+4 0 2 2
+4 0 2 0 2
+4 0 2
+4 0 2
+4 0 2
+4 0 2
0x560da4 0 2 0 0 1 0 0 1
+4 0 2 2
+4 0 2 2
+4 0 2 2
+4 0 2
+4 0 2
+4 0 2
+4 0 2 4 0 1 0 0 1
+4 0 2 4
+4 0 2
+4 0 2
+4 0 2

fn=(22) random_r
0x540720 0 100000 0 0 1 0 0 1
+4 0 100000 0 200000
+4 0 100000
+4 0 100000
+4 0 100000
+4 0 100000
+4 0 100000 100000 0 0 1 0 0 1
+4 0 100000 100000
+4 0 100000 0 0 1 0 0 1
+4 0 100000 200000 0 0 1 0 0 1
+4 0 100000 100000
+4 0 100000 100000 0 0 1 0 0 1
+4 0 100000 100000 0 0 1 0 0 1
+4 0 100000
+4 0 100000 0 100000
+4 0 100000
+4 0 100000 0 100000
+4 0 100000
+4 0 100000
+4 0 96775
+4 0 96775
+4 0 3225
+4 0 3225
+4 0 3225 0 6450
+4 0 3225
+4 0 3225 6450
+4 0 3225
+4 0 3225
-20 0 93550
+4 0 93550 0 187100
+4 0 93550 0 0 1 0 0 1
+4 0 93550 187100
+4 0 93550
+4 0 93550
-16 0 3225 0 6450
+4 0 3225
+4 0 3225 6450
+4 0 3225
+4 0 3225

fn=(52) __libc_malloc2
0x404b64 0 1989 0 1989
+4 0 1989 1989
+4 0 1989
+4 0 1989
+4 0 1989
+4 0 1989
+4 0 1989
+4 0 1989
+4 0 1989 1989
+4 0 1989 1989
+4 0 1989 3978
+4 0 1989
+4 0 1989
0x562788 0 2013 0 0 1 0 0 1
+4 0 2013 0 4026
+4 0 2013
+4 0 2013 2013 0 0 1 0 0 1
+4 0 2013
+4 0 2013 0 4026
+4 0 2013
+4 0 2013 2013
+4 0 2013
0x562840 0 24 48
+4 0 24
+4 0 24 48
+4 0 24
+4 0 24
+84 0 2013 0 0 1 0 0 1
+4 0 2013
+4 0 2013
+4 0 2013
cfn=(54) _int_malloc
calls=2013 0x561c40 0 
* 0 253651 43547 10599 41 28 1495 36 14 1491
+4 0 24
+4 0 24
+4 0 24
+4 0 24 24
+4 0 24
+4 0 24
+4 0 24
+4 0 24
+4 0 24 24
+4 0 24
+4 0 24 24
+4 0 24
+4 0 24 24
+4 0 24

fn=(6) malloc
0x563b20 0 9011 0 0 989 0 0 1
+4 0 9011
+4 0 9011
+4 0 9011
+4 0 9011
+4 0 9011 9011 0 0 1 0 0 1
+4 0 9011
+4 0 9011
+4 0 9011 0 0 1 0 0 1
+4 0 9011
+4 0 9011
+4 0 9011 9011 0 0 1 0 0 1
+4 0 9011
+4 0 9011
+4 0 7010
+4 0 7010
+4 0 7010
+4 0 7007
+4 0 7007
+4 0 7007
+4 0 7007
+4 0 7007
+4 0 7007
+4 0 7007
+4 0 7007 7007 0 1 1 0 1 1
+4 0 7007
+4 0 7007 7007 0 0 10 0 0 5
+4 0 7007
+4 0 5998
+4 0 5998
+4 0 5998 5998 0 0 1 0 0 1
+4 0 5998
+4 0 5998
+4 0 5998 0 5998
+4 0 5998 5998 0 0 2 0 0 2
+4 0 5998
+4 0 5998 0 5998
+4 0 5998 0 5998
+4 0 5998
+4 0 5998
+4 0 5998 0 0 1 0 0 1
+4 0 2001
+4 0 2001
+4 0 1012
+4 0 1012
cfn=(52)
calls=1012 0x562788 0 
* 0 153041 28536 10296 7 18 1003 5 9 1002
+4 0 2001
+4 0 2001
cfn=(7) malloc'2
calls=2001 0x563b74 0 
* 0 182101 35176 13344 36 11 492 33 6 489

fn=(7)
0x563b74 0 2001
+4 0 2001
+4 0 2001
+4 0 2001 2001
+4 0 2001
+4 0 2001 2001
+4 0 2001
+4 0 1000
+4 0 1000
+4 0 1000 1000
+4 0 1000
+4 0 1000
+4 0 1000 0 1000
+4 0 1000 1000
+4 0 1000
+4 0 1000 0 1000
+4 0 1000 0 1000
+4 0 1000
+4 0 1000
+4 0 1000
+12 0 1001
+4 0 1001
cfn=(52)
calls=1001 0x562788 0 
* 0 153092 29174 10344 36 11 492 33 6 489

fn=(18) rand
fi=(1)
0x40097c 12 100000
+4 * 100000
+4 * 100000
+4 * 100000
+4 +1 100000 200000
+4 * 100000
fe=(2)
0x540340 -13 100000 0 0 1 0 0 1
+4 0 100000 0 200000
+4 0 100000
+4 0 100000
cfn=(20) random
calls=100000 0x540548 0 
* 0 5893550 2000000 900000 6 5 0 6 5

fn=(168) unlink_chunk.isra.0
0x55fe50 0 16 0 0 2 0 0 1
+4 0 16 0 32
+4 0 16
+4 0 16 16
+4 0 16
+4 0 16 16
+4 0 16
+4 0 16
+4 0 16 16
+4 0 16 16
+4 0 16
+4 0 16
+4 0 16 16 0 1 0 0 1
+4 0 16 16
+4 0 16
+4 0 16
+4 0 16 0 16
+4 0 16 0 16
+4 0 16
+4 0 16
+4 0 2 2
+4 0 2
+4 0 2 2
+4 0 2
+4 0 2
+4 0 2 2
+4 0 2 2
+4 0 2
+4 0 2 0 0 1 0 0 1
+4 0 2 2
+4 0 2
+4 0 2 0 2
+4 0 2 0 2
+4 0 2 4
+4 0 2
+4 0 2
-8 0 14 28
+4 0 14
+4 0 14

fn=(4) operator new(unsigned long)
fi=(6)
0x402670 152 5 10
+4 * 5
0x402834 * 1984 3968
+4 * 1984
fe=(2)
0x404ad8 0 9011 0 0 1 0 0 1
+4 0 9011 0 18022 0 0 1 0 0 1
+4 0 9011
+4 0 9011 0 9011 0 0 1 0 0 1
+4 0 9011 0 9011
+4 0 9011 9011
+4 0 9011
+4 0 9011
+4 0 9011
+4 0 9011
+4 0 9011 0 0 989 0 0 1
+4 0 9011
+88 0 9011 9011 0 1 0 0 1
+4 0 9011
cfn=(6)
calls=9011 0x563b20 0 
* 0 647405 107744 41634 1035 45 1495 42 26 1491
+4 0 7022 0 7022
+4 0 7022 7022
+4 0 7022
+4 0 7022
+4 0 7022
+4 0 7022
+4 0 7022
+4 0 7022 0 0 1 0 0 1
+4 0 7022 7022
+4 0 7022 7022
+4 0 7022 14044
+4 0 7022
+4 0 7022

fn=(162) _int_free_merge_chunk
0x561060 0 2 0 0 1 0 0 1
+4 0 2 0 4
+4 0 2
+4 0 2 0 2
+4 0 2
+4 0 2 2
+4 0 2
+4 0 2
+4 0 2 0 0 1 0 0 1
+4 0 2
+4 0 2 2
+4 0 2
+4 0 2
+4 0 2 2 0 0 1
+4 0 2
+4 0 2
+4 0 2
+4 0 2 2
+4 0 2
+4 0 2
+4 0 2
+4 0 2
+4 0 2 2
+4 0 2
+4 0 2 2 0 1 0 0 1
+4 0 2
+56 0 2
+4 0 2
+4 0 2
+4 0 2
cfn=(164) _int_free_create_chunk
calls=2 0x55ff28 0 
* 0 62 14 22 4 2 0 3
+4 0 2
+4 0 2
+4 0 2 2
+4 0 2 4
+4 0 2
+4 0 2
cfn=(166)
calls=2 0x560bf0 0 
* 0 52 18 10 5 0 0 4
+28 0 2 2 0 1 0 0 1
+4 0 2 0 0 1 0 0 1
+4 0 2
+4 0 2
+4 0 2

fn=(54)
0x561c40 0 2013 0 0 1 0 0 1
+4 0 2013
+4 0 2013
+4 0 2013
+4 0 2013
+4 0 2013 0 4026 0 0 1 0 0 1
+4 0 2013
+4 0 2013
+4 0 2013 2013
+4 0 2013
+4 0 2013
+4 0 2013
+4 0 2013
+4 0 2013
+4 0 1012
+4 0 1012
+4 0 1012
+4 0 1012
+4 0 4
+4 0 4
+4 0 4
+4 0 4
+4 0 1001 0 0 1 0 0 1
+4 0 1001
+4 0 1001 1001 0 0 1 0 0 1
+4 0 1001
+4 0 1001 1001
+4 0 1001
+4 0 1001
+4 0 1001
+4 0 1001
+4 0 1001
+4 0 1001 0 0 1 0 0 1
+4 0 12
+4 0 12
+4 0 12
+4 0 12 12
+4 0 12
+4 0 12
+4 0 12
+4 0 12 12
+4 0 12
+4 0 12
+4 0 12
+4 0 12 12
+4 0 12
+4 0 12
+4 0 12
+4 0 12 12 0 1 0 0 1
+4 0 12
+4 0 12
+4 0 12
+4 0 12 12
+4 0 12 12
+4 0 12
+4 0 12
+4 0 12 12
+4 0 12
+4 0 12
+4 0 12
+4 0 12
+4 0 12
+4 0 12
+4 0 2 0 2
+4 0 2 0 2 1 0 0 1
+4 0 2
+4 0 2
+4 0 2
+4 0 2
+4 0 2
+4 0 2
+4 0 2
+4 0 1
+4 0 1
+4 0 1
+4 0 1
+4 0 1
+4 0 1 1 0 0 1
+4 0 1
+4 0 1
0x561e5c 0 1001 0 0 1 0 0 1
+4 0 1001
+4 0 1001
+4 0 1001
+4 0 1001
+4 0 1001
+4 0 1001 1001 0 0 2 0 0 1
+4 0 1001
+4 0 1001
+4 0 2 2 0 1 0 0 1
+4 0 2 2
+4 0 2
+4 0 2
+4 0 2
+4 0 2
+4 0 2 2
+4 0 2
+4 0 2 0 2
+4 0 2 0 2
+4 0 2 0 2
+4 0 2
+4 0 2
+4 0 2
+16 0 2
+4 0 2
+4 0 2
+4 0 2 2
+4 0 2
+4 0 2
+16 0 24
+4 0 24 48
+4 0 24
+4 0 24
+4 0 2
+4 0 2
+4 0 2 0 0 1 0 0 1
+4 0 2
+4 0 2
cfn=(55) _int_malloc'2
calls=2 0x561c98 0 
* 0 136 20 6 0 2 2 0 2 2
+4 0 2
+4 0 2
+4 0 2
+4 0 2
+4 0 2
+4 0 2 2
+4 0 2
+4 0 2
+4 0 2
+4 0 2 2
+4 0 2
+12 0 2 2
+4 0 2
+4 0 2
+4 0 2
cfn=(55)
calls=2 0x561edc 0 
* 0 14 6
+4 0 1008 0 0 3 0 0 1
+4 0 1008
+4 0 1008
+4 0 1008
+4 0 1008
cfn=(55)
calls=1008 0x561e6c 0 
* 0 83933 12302 3200 3 14 999 3 5 998
0x562050 0 1 0 0 1 0 0 1
+4 0 1
+4 0 1
0x56213c 0 1 0 0 1 0 0 1
+4 0 1 0 2 1 0 0 1
+4 0 1
cfn=(55)
calls=1 0x561db4 0 
* 0 228 32 28 11 0 1 11 0 1
+12 0 1
+4 0 1
+4 0 1
+4 0 1
+4 0 1
cfn=(55)
calls=1 0x561d70 0 
* 0 177 34 30 3 1 1
+40 0 12 12 0 1 0 0 1
+4 0 12
+4 0 12
+4 0 10
+4 0 10
+4 0 10
0x5622e8 0 14
+4 0 14
+4 0 14
+4 0 14
+4 0 14
+4 0 14
+4 0 14 0 14
+4 0 14
+4 0 14 0 14
+4 0 14 0 14
+4 0 14 14
+4 0 14
+4 0 14
0x5623b0 0 989 0 0 1 0 0 1
+4 0 989
+4 0 989
+4 0 2
+4 0 2
+4 0 2 2 0 0 2 0 0 2
+4 0 2
+4 0 2
+16 0 989 0 0 1 0 0 1
+4 0 989
+4 0 989
+4 0 989
+4 0 989
+4 0 989
+4 0 989
+4 0 989
+4 0 989
+4 0 989 989 0 1 1 0 1 1
+4 0 989
+4 0 989
+4 0 989
+4 0 973
cfn=(55)
calls=973 +60 0 
* 0 54460 8753 2919 4 2 488 4 2 488
+4 0 118
+4 0 118
+4 0 118
+4 0 134
+4 0 134
+4 0 16 16
+4 0 16
+4 0 16
+4 0 2
+4 0 2
+4 0 2
+4 0 2
+4 0 2 0 2
+4 0 2
cfn=(55)
calls=2 -68 0 
* 0 348 30 18 0 2 1 0 0 1
0x56256c 0 14 14
+4 0 14
+4 0 14
+4 0 14
+4 0 14
+4 0 14 0 28
+4 0 14 0 28
+4 0 14 0 28
+4 0 14 0 14
+4 0 14
cfn=(168)
calls=14 0x55fe50 0 
* 0 322 112 56
+4 0 14 28
+4 0 14
+4 0 14 14
+4 0 14 28
+4 0 14 28
+4 0 14
+4 0 14
+4 0 14 14
+4 0 14 14
+4 0 14
+4 0 14
+4 0 14
+4 0 14 0 28 0 0 2
+4 0 14 0 14
+4 0 14 0 14
+4 0 14
+4 0 14
+4 0 14 0 14
+4 0 14
+4 0 14
0x562698 0 10
+4 0 10 0 20
+4 0 10
+4 0 10 0 10
+4 0 10 0 20
+4 0 10
+4 0 10
+4 0 6 0 12
+4 0 6
+4 0 6
+4 0 6
+4 0 6
+4 0 6
+4 0 6
+4 0 6 0 6
+4 0 6
+4 0 6 0 6
+4 0 6 6
+4 0 6 0 6
+4 0 6
+4 0 6
-48 0 4
+4 0 4
+4 0 4
+4 0 4
+4 0 4
+4 0 4
+4 0 4 0 4
+4 0 4
+4 0 4 0 4
+4 0 4 4
+4 0 4 0 4
+4 0 4
+4 0 4
0x562840 0 1989 3978 0 1 0 0 1
+4 0 1989
+4 0 1989 3978
+4 0 1989
+4 0 1989
0x5628b4 0 1989
+4 0 1989
+4 0 1989
+4 0 1989 1989 0 1 0 0 1
+4 0 1989
+4 0 1989
+4 0 1989
+4 0 1989
+4 0 1989 1989
+4 0 1989
+4 0 1989 1989
+4 0 1989
+4 0 1989 1989
+4 0 1989

fn=(55)
0x561c98 0 1010
+4 0 1010
+4 0 1010 1010
+4 0 1010
+4 0 1010 1010
+4 0 1010
+4 0 1010
+4 0 1010
+4 0 1010
+4 0 1010
+4 0 1010
+4 0 26
+4 0 26
+4 0 26
+4 0 26 26
+4 0 26
+4 0 26
+4 0 26
+4 0 26 26
+4 0 26
+4 0 26
+4 0 26
+4 0 26 26
+4 0 26
+4 0 26
+4 0 26
+4 0 26 26
+4 0 26
+4 0 26
+4 0 26
+4 0 26 26
+4 0 26 26
+4 0 26
+4 0 26
+4 0 26 26
+4 0 26
+4 0 26
+4 0 26
+4 0 26
+4 0 26
+4 0 26
+56 0 1
+4 0 1 1 0 0 1
+4 0 1
+4 0 1
+56 0 18 0 0 1 0 0 1
+4 0 18
+4 0 18
+4 0 18 0 0 1 0 0 1
+4 0 18
+4 0 18 18
+4 0 18
+4 0 18 0 18
+4 0 18 0 36
+4 0 18 0 18 0 0 2 0 0 1
+4 0 18 0 18
+4 0 18
+24 0 18
+4 0 18
+4 0 18 0 0 1 0 0 1
+4 0 18
+4 0 18 18
+4 0 18
+4 0 18
+4 0 18
+88 0 1008
+4 0 1008
+4 0 1008 1008 0 0 9 0 0 3
+4 0 1008
+4 0 1008
+96 0 1977 0 0 1 0 0 1
+4 0 1977 1977 0 0 1 0 0 1
+4 0 1977
+4 0 1989
+4 0 1989 3978
+4 0 1989
+4 0 1989
0x56213c 0 1
+4 0 1 0 2
+4 0 1
cfn=(55)
calls=1 0x561db4 0 
* 0 170 33 28 3 0 1
+68 0 26 26
+4 0 26
+4 0 26
+4 0 26
+4 0 26
+4 0 26
+4 0 16 0 16
+4 0 16 0 16
+4 0 16
+4 0 16
+4 0 16
+4 0 16
+4 0 16
+4 0 16
+4 0 16 0 0 1 0 0 1
+4 0 16
+4 0 16
+4 0 16
+4 0 16
+4 0 16 16 0 0 5 0 0 2
+4 0 16
cfn=(55)
calls=16 0x561db4 0 
* 0 1515 178 130 0 0 18 0 0 17
0x5622e8 0 2 0 0 2 0 0 1
+4 0 2
+4 0 2
+4 0 2
+4 0 2
+4 0 2
+4 0 2 0 2 1 0 0 1
+4 0 2
+4 0 2 0 2
+4 0 2 0 2
+4 0 2 2
+4 0 2
+4 0 2
0x5623b0 0 1002
+4 0 1002
+4 0 1002
+4 0 2
+4 0 2
+4 0 2 2 0 0 2 0 0 2
+4 0 2
+4 0 2
+16 0 1002
+4 0 1002
+4 0 1002
+4 0 1002
+4 0 1002
+4 0 1002
+4 0 1002
+4 0 1002
+4 0 1002
+4 0 1002 1002
+4 0 1002
+4 0 1002
+4 0 1002
-8 0 16
+4 0 16
+4 0 16
+4 0 1006
cfn=(55)
calls=1006 +60 0 
* 0 49680 8096 3060 11 0 1004 8 0 1003
+4 0 50
+4 0 50
+4 0 50
+4 0 66
+4 0 66
+4 0 16 16 0 0 2
+4 0 16
+4 0 16
+4 0 14
+4 0 14
+4 0 14
+4 0 14
+4 0 14 0 14
+4 0 14
cfn=(55)
calls=14 -68 0 
* 0 1546 160 81 0 14 5 0 0 5
+4 0 1979 0 0 1 0 0 1
+4 0 1979
+4 0 1979
cfn=(55)
calls=1979 +20 0 
* 0 98203 16849 5979 14 2 1492 11 2 1491
+4 0 4930 4930
+4 0 4930
+4 0 4930
+4 0 4926
+4 0 4926
+4 0 4926
+4 0 4926
-8 0 1979
+4 0 1979
+4 0 1979
+4 0 1975 1975
+4 0 1975 1975
+4 0 1975 1975 0 0 1 0 0 1
+4 0 1975 0 0 1 0 0 1
+4 0 1975
+4 0 1975
+4 0 1975
+4 0 1975
+4 0 1975
+4 0 1975
+4 0 1975
+4 0 1975
+4 0 1975
+4 0 1975
+4 0 1975 0 1975
+4 0 1975
+4 0 1975
+4 0 1975
+4 0 1975
+4 0 1975 0 1975 1 0 0 1
+4 0 1975 0 1975 0 0 1488 0 0 1488
+4 0 1975
cfn=(55)
calls=1975 0x561edc 0 
* 0 13825 5925 0 1 1 0 1 1
0x562558 0 4 0 0 1 0 0 1
+4 0 4
+4 0 4
+4 0 4
+4 0 4
cfn=(55)
calls=4 0x562420 0 
* 0 477 69 54 10 0 4 7 0 3
+4 0 2 2
+4 0 2
+4 0 2
+4 0 2
+4 0 2
+4 0 2 0 4 1 0 2 1 0 1
+4 0 2 0 4
+4 0 2 0 4
+4 0 2 0 2
+4 0 2
cfn=(168)
calls=2 0x55fe50 0 
* 0 72 26 12 4 0 0 3
+4 0 2 4
+4 0 2
+4 0 2 2
+4 0 2 4
+4 0 2 4
+4 0 2
+4 0 2
+4 0 2 2
+4 0 2 2
+4 0 2
+4 0 2
+4 0 2 0 0 2 0 0 1
+4 0 2 0 4
+4 0 2 0 2
+4 0 2 0 2
+4 0 2
+4 0 2
+4 0 2 0 2
+4 0 2
+4 0 2
+4 0 2 0 4
+4 0 2
cfn=(55)
calls=2 0x5622e8 0 
* 0 34 6 6 3 0 0 2
0x562698 0 10 0 0 1 0 0 1
+4 0 10 0 20
+4 0 10
+4 0 10 0 10
+4 0 10 0 20
+4 0 10
+4 0 10
+4 0 6 0 12
+4 0 6
+4 0 6
+4 0 6 0 0 1 0 0 1
+4 0 6
+4 0 6
+4 0 6
+4 0 6 0 6
+4 0 6
+4 0 6 0 6
+4 0 6 6
+4 0 6 0 6
+4 0 6
+4 0 6
-48 0 4
+4 0 4
+4 0 4
+4 0 4
+4 0 4
+4 0 4
+4 0 4 0 4
+4 0 4
+4 0 4 0 4
+4 0 4 4
+4 0 4 0 4
+4 0 4
+4 0 4

fn=(88) operator delete(void*)
0x402f74 0 7010 0 0 1 0 0 1
+4 0 7010 0 14020
+4 0 7010
+4 0 7010 0 7010 1 0 0 1
+4 0 7010 7010
+4 0 7010
cfn=(90) free
calls=7010 0x5642ac 0 
* 0 336700 70162 42104 23 6 0 21 1
+4 0 7010
+4 0 7010 14020
+4 0 7010
+4 0 7010

fn=(164)
0x55ff28 0 2 0 0 1 0 0 1
+4 0 2 2
+4 0 2
+4 0 2
+4 0 2
+4 0 2
+4 0 2 0 4 2 0 0 1
+4 0 2
+4 0 2 2 0 0 2
+4 0 2
+4 0 2 2
+4 0 2
+4 0 2 0 2
+4 0 2
+4 0 2
+4 0 2
+4 0 2 2
+4 0 2
+4 0 2 2
+4 0 2
+4 0 2
+4 0 2 0 4
+4 0 2 0 4 1 0 0 1
+4 0 2 0 2
+4 0 2
+4 0 2 0 2
+4 0 2 0 2
+4 0 2 0 2
+4 0 2 4
+4 0 2
+4 0 2

fn=(82) __memcpy_generic
0x56ab00 0 7010 0 0 1000 0 0 1
+4 0 7010
+4 0 7010
+4 0 7010
+4 0 7010
+4 0 6005
+4 0 6005
+4 0 4003
+4 0 4003
+4 0 2002 2002
+4 0 2002 2002
+4 0 2002 0 2002
+4 0 2002 0 2002
+4 0 2002
+4 0 2001
+4 0 1001 1001
+4 0 1001 1001
+4 0 1001 0 1001
+4 0 1001 0 1001
+4 0 1001
+4 0 1000 0 0 1 0 0 1
+4 0 1000 1000
+4 0 1000 1000
+4 0 1000 0 1000
+4 0 1000 0 1000
+4 0 1000
+44 0 2002 4004 0 12 0 0 1
+4 0 2002 4004
+4 0 2002
+4 0 2002
+4 0 1001 0 2002
+4 0 1001 0 2002
+4 0 1001
+8 0 1001 2002
+4 0 1001
+4 0 1001
+4 0 1001 2002
+4 0 1001 0 2002 1 0 2 1 0 2
+4 0 1001 0 2002
+4 0 1001 0 2002
+4 0 1001 0 2002
+4 0 1001
+8 0 1005 1005 0 0 4
+4 0 1005
+4 0 1005
+4 0 1005
+4 0 1005
+4 0 1005 2010 0 0 3
+4 0 1005 0 1005 0 0 249 0 0 249
+4 0 1005 2010 0 0 1
+4 0 1005
+4 0 1005
+4 0 2114 0 4228 1 0 1014 1 0 1014
+4 0 2114 4228 0 0 40
+4 0 2114 0 4228 0 0 1078 0 0 1078
+4 0 2114 4228 0 0 61
+4 0 2114
+4 0 2114
+4 0 2114
+4 0 2114
+4 0 1005 2010
+4 0 1005 0 2010 0 0 499 0 0 499
+4 0 1005 2010
+4 0 1005 0 2010 0 0 495 0 0 495
+4 0 1005 0 2010
+4 0 1005 0 2010
+4 0 1005

fn=(90)
0x5611a0 0 2 0 0 1 0 0 1
+4 0 2 0 4
+4 0 2
+4 0 2
+4 0 2 0 4
+4 0 2
+4 0 2
+4 0 2
+4 0 2 0 4 1 0 0 1
+4 0 2
+4 0 2 2
+4 0 2 2
+4 0 2
+4 0 2
+4 0 2 2
+4 0 2
+4 0 2 2
+4 0 2
+4 0 2
+4 0 2
+4 0 2
+4 0 2
cfn=(162)
calls=2 0x561060 0 
* 0 196 52 38 14 3 0 12
+4 0 2 0 2
+4 0 2 4
+4 0 2 4 0 1 0 0 1
+4 0 2 4
+4 0 2
+4 0 2
0x5642ac 0 7010 0 0 1 0 0 1
+4 0 7010
+4 0 7010
+4 0 7010
+4 0 7010
+4 0 7010 0 0 1 0 0 1
+4 0 7010
+4 0 7010 0 14020
+4 0 7010
+4 0 7010
+4 0 7010 7010
+4 0 7010
+4 0 7010
+4 0 7010
+4 0 7010
+4 0 7010 7010 0 0 1
+4 0 7010 7010
+4 0 7010
+4 0 7010
+4 0 7010
+4 0 7010
+4 0 7008 0 0 1 0 0 1
+4 0 7008 7008
+4 0 7008 7008
+4 0 7008
+4 0 7008
+4 0 7008
+4 0 7008
+4 0 7008
+4 0 7008
+4 0 7008
+4 0 7008 7008
+4 0 7008
+4 0 7008
+4 0 7008
+4 0 7008 7008 0 0 1 0 0 1
+4 0 7008
+4 0 7008 0 0 1 0 0 1
+4 0 7008 0 7008
+4 0 7008
+4 0 7008 7008 0 0 1
+4 0 7008
+4 0 7008 0 7008
+4 0 7008 0 7008
+4 0 7008 0 7008
+4 0 7008 14016
+4 0 7008
+4 0 7008
+28 0 2 0 0 1 0 0 1
+4 0 2
+4 0 2
0x564404 0 2 0 0 1 0 0 1
+4 0 2
+4 0 2
cfn=(91) free'2
calls=2 0x564398 0 
* 0 10 4

fn=(91)
0x564398 0 2
+4 0 2 4
+4 0 2
+4 0 2
+4 0 2

fn=(20)
0x540350 0 100000 200000
+4 0 100000
+4 0 100000
0x540548 0 100000 0 0 1 0 0 1
+4 0 100000
+4 0 100000
+4 0 100000 100000
+4 0 100000 0 200000
+4 0 100000
+4 0 100000 100000
+4 0 100000 0 100000
+4 0 100000
+4 0 100000
+4 0 100000 100000 0 0 1 0 0 1
+4 0 100000
0x5405e8 0 100000 0 0 1 0 0 1
+4 0 100000
+4 0 100000
+4 0 100000
cfn=(22)
calls=100000 0x540720 0 
* 0 2693550 900000 600000 3 4 0 3 4
+4 0 100000 100000
+4 0 100000
cfn=(21) random'2
calls=100000 -64 0 
* 0 1100000 500000 0 1 0 0 1

fn=(21)
0x5405bc 0 100000 0 0 1 0 0 1
+4 0 100000 100000
+4 0 100000 100000
+4 0 100000 100000
+4 0 100000
+4 0 100000
+4 0 100000
+4 0 100000 200000
+4 0 100000
+4 0 100000
+4 0 100000

fl=(1)
fn=(96) calculate_average(std::vector<int, std::allocator<int> >*)
0x400a6c 25 1 0 2
+4 * 1
+4 * 1 0 1
+4 * 1 0 1
+4 +1 1 0 1
+4 +2 1 0 1 1 0 0 1
+4 * 1
cfn=(97) calculate_average(std::vector<int, std::allocator<int> >*)'2
calls=1 +52 * 
* * 7446 2619 1004 3 0 0 3
0x400ba0 +16 1
+4 * 1 0 1
+4 +2 1
+4 * 1
+4 * 1
cfi=(3)
cfn=(100)
calls=1 0x40105c 1416 
* * 29767921 10192844 6260771 3112 142 7924 90 9 7910

fn=(97)
0x400a6c 25 999 0 1998
+4 * 999
+4 * 999 0 999
+4 * 999 0 999
+4 +1 999 0 999
+4 +2 999 0 999
+4 * 999
cfn=(97)
calls=999 +52 * 
* * 7438554 2616381 1002996 2
+4 +1 100000 100000
+4 * 100000
+4 * 100000 100000
+4 * 100000
cfi=(3)
cfn=(98)
calls=100000 0x400ef4 1261 
* * 3900000 1300000 600000 4 0 0 2
+4 * 100000 100000
+4 * 100000
+4 * 100000 100000
+4 * 100000
+4 * 100000 0 100000
+4 -1 100000 100000
+4 * 100000
+4 * 100000 0 100000
+4 * 100000 100000
+4 * 100000 100000
+4 * 100000
cfi=(3)
cfn=(40)
calls=100000 0x400ebc 1117 
* * 1400000 600000 200000
-8 * 1000 1000
+4 * 1000 1000
+4 * 1000 0 0 1 0 0 1
cfi=(3)
cfn=(40)
calls=1000 0x400ebc 1117 
* * 14000 6000 2000
+4 * 101000
+4 * 101000
+4 * 101000
+4 * 101000
+4 * 101000
+4 * 101000
+4 +4 1000 1000
+4 * 1000
cfi=(3)
cfn=(40)
calls=1000 0x400ebc 1117 
* * 14000 6000 2000
+4 * 1000
+4 * 1000 1000
+4 * 1000
+4 +1 1000
+4 * 1000 1000
+4 * 1000 2000
+4 * 1000
0x400ba0 +11 999
+4 * 999 0 999
+4 +2 999
+4 * 999
+4 * 999
cfi=(3)
cfn=(101)
calls=999 0x40105c 1416 
* * 14849851865 5084881341 3123211801 1516003 52777 3938897 13309 2186 3933559

fn=(0) main
0x400b7c 40 1 0 0 1 0 0 1
+4 * 1 0 1 1 0 1 1 0 1
+4 * 1 1
+4 +1 1 0 1
+4 * 1
cfn=(1) main'2
calls=1 0x400c68 * 
* * 29798290 10203129 6267040 3218 168 7953 196 35 7939

fn=(1)
0x400b90 42 1
cfn=(2) generate_sensor_data()
calls=1 0x400994 -27 
* * 29798286 10203128 6267040 3217 168 7953 195 35 7939
0x400c68 -1 1 1 0 1 0 0 1
+4 * 1
+4 * 1

fn=(16) read_sensor_value()
0x400970 11 1000 0 2000 1 0 0 1
+4 * 1000
+4 +1 1000
cfi=(2)
cfn=(18)
calls=1000 0x540340 -12 
* * 68936 22000 11000 7 5 0 7 5
0x400a04 +7 1000 0 1000
+4 * 1000
+4 * 1000
+4 * 1000
+4 * 1000
cfi=(3)
cfn=(24)
calls=1000 0x400e88 1433 
* * 22032153 7501640 5181582 1122 29 7689 97 15 7685

fn=(17)
0x400970 11 99000 0 198000
+4 * 99000
+4 +1 99000
cfi=(2)
cfn=(18)
calls=99000 0x540340 -12 
* * 6824614 2178000 1089000
0x400a04 +7 99000 0 99000
+4 * 99000
+4 * 99000
+4 * 99000
+4 * 99000
cfi=(3)
cfn=(25)
calls=99000 0x400e88 1433 
* * 879470175 301427211 210270952 1715 902 495462 441 353 495395

fn=(2)
0x400994 15 1 0 0 1 0 0 1
+4 * 1 0 2
+4 * 1
+4 * 1 0 1
+4 * 1
+4 * 1 1 0 0 1 0 0 1
+4 * 1 1 0 0 1 0 0 1
+4 * 1 0 1
+4 * 1
+4 +1 1
+4 * 1
cfi=(2)
cfn=(4)
calls=1 0x404ad8 -16 
* * 68 13 8 8 6 2 8 6 2
+4 * 1 0 0 1 0 0 1
+4 * 1 0 1
+4 * 1 0 1
+4 * 1 0 1
+4 * 1
+4 * 1
cfi=(3)
cfn=(8)
calls=1 0x400dc4 561 
* * 41 14 15 6 0 1 6 0 1
+4 * 1
+4 * 1 0 1
+4 * 1
+4 * 1
+4 * 1
+12 +2 1 0 1
+4 * 1
cfn=(3)
calls=1 +44 * 
* * 22771 7635 5225 85 18 25 85 18 25
0x400b94 +24 1 0 1 0 0 1 0 0 1
+4 +2 1 1
+4 * 1
cfn=(96)
calls=1 0x400a6c -19 
* * 29775379 10195463 6261782 3116 142 7924 94 9 7910

fn=(3)
0x400994 15 999
+4 * 999 0 1998
+4 * 999
+4 * 999 0 999
+4 * 999
+4 * 999 999
+4 * 999 999
+4 * 999 0 999
+4 * 999
+4 +1 999
+4 * 999
cfi=(2)
cfn=(4)
calls=999 0x404ad8 -16 
* * 67932 12987 7992 1976 6 0 0 1
+4 * 999
+4 * 999 0 999
+4 * 999 0 999
+4 * 999 0 999
+4 * 999
+4 * 999
cfi=(3)
cfn=(8)
calls=999 0x400dc4 561 
* * 40959 13986 14985
+4 * 999
+4 * 999 0 999
+4 * 999
+4 * 999
+4 * 999
+12 +2 999 0 999
+4 * 999
cfn=(3)
calls=999 +44 * 
* * 22091318 7518005 5190357 1046 16 7664 21 2 7660
+4 +1 1000 1000
+4 * 1000
cfn=(16)
calls=1000 0x400970 -8 
* * 22109089 7523640 5195582 1130 34 7689 105 20 7685
+36 -1 1000 1000 0 1 0 0 1
+4 * 1000
+4 * 1000
0x400b94 +24 999 0 999
+4 +2 999 999
+4 * 999
cfn=(97)
calls=999 0x400a6c -19 
* * 14857302407 5087497722 3124221790 1516005 52777 3938897 13309 2186 3933559

fl=(5)
fn=(38)
0x401748 234 16022 0 0 1 0 0 1
+4 * 16022 0 16022
+4 * 16022 0 16022
+4 +5 16022 16022
+4 * 16022 16022
+4 * 16022 16022
+4 * 16022 16022
+4 * 16022
+4 * 16022
+12 +2 16022 16022
+4 +1 16022
+4 * 16022

fn=(42)
fi=(3)
0x401c30 2207 1 1
+4 * 1
+4 * 1 0 1
+4 +1 1 1
+4 * 1 0 0 1 0 0 1
cfn=(112)
calls=1 0x40230c 1117 
* * 14 6 2
+4 * 1
+4 * 1 1
+4 * 1
+4 * 1
+4 * 1 1
+4 * 1
cfn=(106)
calls=1 0x4022ec 1128 
* * 62 20 15
+4 * 1
+4 * 1 1
+4 * 1
+4 * 1
+16 * 1 1
+4 * 1
+4 +1 1 0 0 1 0 0 1
+4 * 1 1
+4 * 1 1
+4 * 1 1
+4 * 1
+4 * 1
+4 * 1
+8 * 1
+4 * 1 2
+4 * 1 1
+4 * 1
+4 * 1
0x401fdc -2 1000 1000
+4 * 1000
+4 * 1000 0 1000
+4 +1 1000 1000
+4 * 1000
cfn=(40)
calls=1000 0x400ebc 1117 
* * 14000 6000 2000
+4 * 1000
+4 * 1000 1000
+4 * 1000
+4 * 1000
+4 * 1000 1000 0 1 0 0 1
+4 * 1000
cfn=(32)
calls=1000 0x40244c 1128 
* * 62000 20000 15000
+4 * 1000
+4 * 1000 1000
+4 * 1000
+4 * 1000
+16 * 1000 1000
+4 * 1000
+4 +1 1000
+4 * 1000 1000
+4 * 1000 1000
+4 * 1000 1000
+4 * 1000
+4 * 1000 0 0 1 0 0 1
+4 * 1000
+8 * 1000
+4 * 1000 2000
+4 * 1000 1000
+4 * 1000
+4 * 1000
fe=(5)
0x402344 258 8011 0 0 1 0 0 1
+4 * 8011 0 8011
+4 * 8011 0 8011
+4 +5 8011 8011
+4 * 8011 8011
+4 * 8011 8011
+4 * 8011 8011
+4 * 8011
+4 * 8011
+4 +1 1001 1001
+4 * 1001
cfn=(43) unsigned long const& std::max<unsigned long>(unsigned long const&, unsigned long const&)'2
calls=1001 +8 +2 
* * 2002
+4 +1 7010 7010
+4 +1 7010
+4 * 7010

fn=(43)
0x402374 266 1001
+4 * 1001

fl=(6)
fn=(86)
0x401f04 156 7000 0 14000
+4 * 7000
+4 * 7000 0 7000
+4 * 7000 0 7000
+4 * 7000 0 7000
+4 +16 7000 7000
+4 * 7000
cfi=(2)
cfn=(88)
calls=7000 0x402f74 0 
* * 406000 91000 63000 6 0 0 6
+4 +1 7000
+4 * 7000 14000
+4 * 7000

fn=(120)
fi=(7)
0x401ddc 614 5
+4 * 5
cfi=(3)
cfn=(119)
calls=5 +8 388 
* * 10 10
fe=(6)
0x402600 126 11 0 22 1 0 0 1
+4 * 11
+4 * 11 0 11
+4 * 11 0 11
+4 * 11 0 11
+4 * 11 11
+4 * 11 0 11
+4 233 11
+4 -99 11 11
+4 * 11
+4 * 11
+4 * 11
+4 * 11
+4 * 11
+4 * 11
+4 * 11
+4 * 11 0 0 1 0 0 1
+4 * 11
+4 * 11
+28 +17 11 11
+4 * 11
+4 * 11
cfi=(2)
cfn=(4)
calls=11 0x404ad8 0 
* * 1316 246 118 1 5 5 1 5 5
+4 +1 6 12
+4 * 6

fn=(154)
0x4022c4 156 10 0 20
+4 * 10
+4 * 10 0 10
+4 * 10 0 10
+4 * 10 0 10
+4 +16 10 10
+4 * 10
cfi=(2)
cfn=(88)
calls=10 0x402f74 0 
* * 800 192 134 19 6 0 17 1
+4 +1 10
+4 * 10 20
+4 * 10

fn=(50)
fi=(7)
0x402188 614 1984
+4 * 1984
cfi=(3)
cfn=(49)
calls=1984 +8 388 
* * 3968 3968
fe=(6)
0x4027c4 126 8000 0 16000
+4 * 8000
+4 * 8000 0 8000
+4 * 8000 0 8000
+4 * 8000 0 8000
+4 * 8000 8000
+4 * 8000 0 8000
+4 233 8000
+4 -99 8000 8000
+4 * 8000
+4 * 8000
+4 * 8000
+4 * 8000
+4 * 8000
+4 * 8000
+4 * 8000 0 0 1 0 0 1
+4 * 8000
+4 * 8000
+4 * 8000
+28 +17 8000 8000
+4 * 8000
+4 * 8000
cfi=(2)
cfn=(4)
calls=8000 0x404ad8 0 
* * 799507 151608 76582 42 28 1490 37 14 1486
+4 +1 6016 12032
+4 * 6016

fl=(9)
fn=(76) std::enable_if<std::__is_bitwise_relocatable<int, void>::value, int*>::type std::__relocate_a_1<int, int>(int*, int*, int*, std::allocator<int>&)
0x402880 1362 7000 14000
+4 * 7000
0x402a58 -36 8000 0 16000 1 0 0 1
+4 * 8000
+4 * 8000 0 8000
+4 * 8000 0 8000
+4 * 8000 0 8000
+4 * 8000 0 8000
+4 +4 8000 8000
+4 * 8000 8000
+4 * 8000
+4 * 8000
+4 * 8000 0 8000 1 0 0 1
+4 +1 8000 8000
+4 * 8000
+4 * 8000
+4 +12 7000 7000
+4 * 7000
+4 * 7000 7000
+4 * 7000 7000
+4 * 7000
cfi=(2)
cfn=(82)
calls=7000 0x56ab00 0 
* * 131000 37000 37000 1013 0 3216 5 0 3216
* * 70000 35000 0 1 1 0 1 1
+4 +2 1000 1000
+4 * 1000
+4 * 1000 1000
+4 * 1000
+4 +1 1000 2000
+4 * 1000

fn=(74)
fi=(3)
0x40249c 526 7000 14000
+4 * 7000
fe=(9)
0x40283c 1353 8000 0 16000
+4 * 8000 0 0 1 0 0 1
+4 * 8000 0 8000
+4 * 8000 0 8000
+4 * 8000 0 8000
+4 * 8000 0 8000
+4 * 8000 8000
+4 * 8000 0 8000
fi=(11)
+4 3011 8000 8000
+4 * 8000 8000
+4 * 8000 0 8000
+4 * 8000 8000
+4 * 8000 8000
+4 * 8000 0 8000
+4 * 8000 8000
fe=(9)
+4 1359 8000 8000
+4 * 8000
cfn=(76)
calls=8000 0x402a58 -33 
* * 368000 135000 93000 1016 1 3216 8 1 3216
+4 +3 1000 2000 0 1 0 0 1
+4 * 1000

fn=(140) std::enable_if<std::__is_bitwise_relocatable<double, void>::value, double*>::type std::__relocate_a_1<double, double>(double*, double*, double*, std::allocator<double>&)
0x4026bc 1362 10 20
+4 * 10
0x4028dc -36 11 0 22 1 0 0 1
+4 * 11
+4 * 11 0 11
+4 * 11 0 11
+4 * 11 0 11
+4 * 11 0 11
+4 +4 11 11
+4 * 11 11
+4 * 11
+4 * 11 0 0 1 0 0 1
+4 * 11 0 11
+4 +1 11 11
+4 * 11
+4 * 11
+4 +12 10 10
+4 * 10
+4 * 10 10
+4 * 10 10
+4 * 10
cfi=(2)
cfn=(82)
calls=10 0x56ab00 0 
* * 1099 519 519 2 109 121 0 0 121
* * 100 50
+4 +2 1 1
+4 * 1
+4 * 1 1
+4 * 1
+4 +1 1 2
+4 * 1

fn=(138)
fi=(3)
0x4023ac 526 10 20
+4 * 10
fe=(9)
0x402678 1353 11 0 22
+4 * 11
+4 * 11 0 11 1 0 0 1
+4 * 11 0 11
+4 * 11 0 11
+4 * 11 0 11
+4 * 11 11
+4 * 11 0 11
fi=(11)
+4 3011 11 11
+4 * 11 11
+4 * 11 0 11
+4 * 11 11
+4 * 11 11
+4 * 11 0 11
+4 * 11 11
fe=(9)
+4 1359 11 11
+4 * 11
cfn=(140)
calls=11 0x4028dc -33 
* * 1429 656 596 4 109 121 2 0 121
+4 +3 1 2
+4 * 1 0 0 1 0 0 1

fl=(4)
fn=(28) void std::vector<int, std::allocator<int> >::_M_realloc_append<int>(int&&)
0x4012a4 127 8000
+4 * 8000 8000
+4 * 8000 16000
+4 * 8000
0x401884 557 8000 0 0 1 0 0 1
+4 * 8000 0 16000 0 0 1 0 0 1
+4 * 8000
+4 * 8000 0 8000
+4 * 8000 0 8000 0 0 1 0 0 1
+4 * 8000 0 8000
+4 * 8000
+4 * 8000 8000
+4 * 8000 8000
+4 * 8000 0 8000
+4 * 8000
+4 +9 8000
+4 * 8000
+4 * 8000
+4 * 8000 8000
+4 * 8000 0 0 1 0 0 1
cfi=(3)
cfn=(30)
calls=8000 0x401f2c 2202 
* * 2463256 851044 498012 67 6 8 55 6 8
+4 * 7000 0 7000
+4 +1 7000 7000
+4 * 7000
+4 +2 7000 7000
+4 * 7000 7000
+4 * 7000 0 7000
+4 +1 7000 7000
+4 * 7000 7000
+4 * 7000 0 7000
+4 +1 7000 7000
+4 * 7000
cfi=(3)
cfn=(44)
calls=7000 0x402060 1018 
* * 203000 77000 42000
+4 * 7000 0 7000
+4 * 7000 7000
+4 * 7000
cfi=(3)
cfn=(46)
calls=7000 0x4020d8 998 
* * 196000 77000 42000
+4 * 7000 0 7000
+4 * 7000
+4 * 7000 0 7000
fi=(11)
+4 1166 7000 7000
+4 1340 7000 7000
+4 * 7000
+4 * 7000 0 7000
+4 1166 7000 7000
+4 1340 7000 7000
+4 * 7000
+4 * 7000
fe=(4)
+4 571 7000 0 7000
+4 +1 7000 7000
+4 * 7000 7000
+4 * 7000
cfi=(3)
cfn=(48)
calls=7000 0x40214c 384 
* * 3514283 1109596 805570 1048 23 5698 35 9 5694

fn=(29)
0x401a98 638 8000 8000 0 1 0 0 1
+4 * 8000 0 8000
+4 +1 8000 8000
+4 * 8000 8000
+4 * 8000 8000
+4 * 8000
+4 * 8000
+4 * 8000 0 8000
+4 +1 8000
+4 * 8000
cfi=(3)
cfn=(78)
calls=8000 0x4021e0 1880 
* * 773000 249000 178000 7 0 0 7
+4 +4 8000 8000 0 1 0 0 1
+4 * 8000 8000
+4 * 8000 0 8000
+4 +1 8000 8000
+4 * 8000 8000
+4 * 8000 0 8000
+4 +1 8000 8000
+4 * 8000
+4 * 8000 8000
+4 * 8000
+4 * 8000 8000
+4 * 8000 0 8000
+4 +1 8000
+4 * 8000
+4 * 8000 8000
+4 * 8000 8000
+4 * 8000 8000 0 11 0 0 1
+4 * 8000
+4 * 8000
+4 * 8000
+76 * 8000 16000 0 1 0 0 1
+4 * 8000 8000
+4 * 8000
+4 * 8000

fn=(26)
fi=(3)
0x400eb0 1434 100000
+4 * 100000 200000
+4 * 100000
fe=(4)
0x4011c0 111 100000 0 200000 1 0 0 1
+4 * 100000
+4 * 100000 0 100000
+4 * 100000 0 100000
+4 * 100000 0 100000
+4 +3 100000 100000
+4 * 100000 100000
+4 * 100000 100000
+4 * 100000 100000
+4 * 100000
+4 * 100000
+4 +3 92000 92000
+4 * 92000 92000
+4 * 92000 92000
+4 * 92000 92000
+4 * 92000 0 92000
fi=(12)
+4 -44 92000 92000 0 1 0 0 1
+4 * 92000 0 92000
+4 * 92000 0 92000
+4 * 92000 0 92000
+4 * 92000 92000
+4 * 92000 0 92000
+4 * 92000 92000
+4 * 92000 92000
+4 * 92000 0 92000
+4 * 92000 0 92000
+4 * 92000 92000
+4 * 92000 0 92000
fi=(6)
+4 191 92000 92000
+4 * 92000
+4 * 92000
+4 * 92000
cfi=(8)
cfn=(60)
calls=92000 0x400d74 +17 
* * 552000 92000 184000
+4 * 92000 92000 0 1 0 0 1
+4 * 92000 0 92000
fi=(12)
+4 73 92000 92000
fi=(6)
+4 191 92000 92000
+4 * 92000 0 92000 0 0 1981 0 0 1981
+4 * 92000
+4 * 92000
+4 * 92000
+4 * 92000
+12 * 92000
fi=(7)
+4 680 92000
fe=(4)
+4 119 92000 92000
+4 * 92000 92000
+4 * 92000
+4 * 92000 92000
+4 * 92000 0 92000
+4 +8 92000
cfn=(27) void std::vector<int, std::allocator<int> >::emplace_back<int>(int&&)'2
calls=92000 +28 * 
* * 368000 276000
+4 * 8000 8000 0 1 0 0 1
+4 * 8000 0 8000
fi=(12)
+4 -54 8000 8000
fe=(4)
+4 +50 8000
+4 * 8000 8000
+4 * 8000
cfn=(28)
calls=8000 0x401884 557 
* * 6739539 2253640 1491582 1117 29 5708 92 15 5704

fn=(27)
0x4012a4 127 92000
+4 * 92000 92000
+4 * 92000 184000
+4 * 92000

fn=(102)
fi=(3)
0x40112c 1428 11
+4 * 11 11
+4 * 11 22
+4 * 11
fe=(4)
0x401464 557 11 0 0 1 0 0 1
+4 * 11 0 22
+4 * 11
+4 * 11 0 11
+4 * 11 0 11
+4 * 11 0 11
+4 * 11
+4 * 11 11 0 1 0 0 1
+4 * 11 11
+4 * 11 0 11
+4 * 11
+4 +9 11
+4 * 11
+4 * 11
+4 * 11 11
+4 * 11
cfi=(3)
cfn=(104)
calls=11 0x401b80 2202 
* * 3228 1115 645 50 0 0 39
+4 * 10 0 10
+4 +1 10 10
+4 * 10
+4 +2 10 10
+4 * 10 10
+4 * 10 0 10
+4 +1 10 10
+4 * 10 10
+4 * 10 0 10
+4 +1 10 10
+4 * 10
cfi=(3)
cfn=(114)
calls=10 0x401cb4 1018 
* * 290 110 60
+4 * 10 0 10
+4 * 10 10
+4 * 10
cfi=(3)
cfn=(116)
calls=10 0x401d2c 998 
* * 280 110 60
+4 * 10 0 10
+4 * 10
+4 * 10 0 10
fi=(11)
+4 1166 10 10
+4 1340 10 10
+4 * 10
+4 * 10 0 10
+4 1166 10 10
+4 1340 10 10
+4 * 10
+4 * 10
fe=(4)
+4 571 10 0 10
+4 +1 10 10
+4 * 10 10
+4 * 10
cfi=(3)
cfn=(118)
calls=10 0x401da0 384 
* * 6350 2144 1673 27 120 131 23 6 131

fn=(103)
0x401678 638 11 11 0 1 0 0 1
+4 * 11 0 11
+4 +1 11 11 0 1 0 0 1
+4 * 11 11
+4 * 11 11
+4 * 11
+4 * 11
+4 * 11 0 11
+4 +1 11
+4 * 11
cfi=(3)
cfn=(142)
calls=11 0x401e34 1880 
* * 1320 416 297 24 6 0 22 1
+4 +4 11 11
+4 * 11 11
+4 * 11 0 11
+4 +1 11 11
+4 * 11 11
+4 * 11 0 11
+4 +1 11 11
+4 * 11
+4 * 11 11 0 1 0 0 1
+4 * 11
+4 * 11 11
+4 * 11 0 11
+4 +1 11
+4 * 11
+4 * 11 11
+4 * 11 11
+4 * 11 11
+4 * 11
+4 * 11
+4 * 11
+76 * 11 22 0 1 0 0 1
+4 * 11 11
+4 * 11
+4 * 11

totals: 29785282 10203130 6261036 3214 168 7946 196 35 7937
