# callgrind format
version: 1
creator: callgrind-3.19.0
pid: 16646
cmd:  ./sensor_rpi_sysroot
part: 1


desc: I1 cache: 16384 B, 64 B, 4-way associative
desc: D1 cache: 16384 B, 64 B, 4-way associative
desc: LL cache: 262144 B, 64 B, 8-way associative

desc: Timerange: Basic block 0 - 6868931
desc: Trigger: Program termination

positions: instr line
events: Ir Dr Dw I1mr D1mr D1mw ILmr DLmr DLmw
summary: 0


ob=(2) /usr/lib/aarch64-linux-gnu/libc.so.6
fl=(10) ./stdlib/./stdlib/random.c
fn=(36) random
0x3f450 288 100000 0 0 7 0 0 1
+4 +3 100000
+4 -3 100000
+4 * 100000 100000 0 0 1 0 0 1
+4 * 100000 0 200000
+4 * 100000
+4 * 100000 0 200000
+4 +3 100000
+4 * 100000
+4 -3 100000 100000
+4 * 100000 0 100000
+4 * 100000
+4 +3 100000 0 0 7 0 0 1
+4 * 100000
+4 * 100000
cfi=(11) ???
cfn=(38) __aarch64_cas4_acq
calls=100000 0x1363d0 0 
* * 1100085 200017 100017 26 2 0 2 2
+4 * 100000
+4 +2 100000
+4 +2 100000
+4 -2 100000
+4 * 100000
+4 * 100000
cfi=(12) ./stdlib/./stdlib/random_r.c
cfn=(40) random_r
calls=100000 0x3f8d0 +64 
* * 2387100 700000 400000 3 5 0 3 5
+4 +2 100000
+4 * 100000
+4 * 100000
cfi=(11)
cfn=(42) __aarch64_swp4_rel
calls=100000 0x1366b0 0 
* * 900015 200005 100005 2 0 0 2
+4 * 100000
+4 * 100000
+4 +3 100000
+4 * 100000 100000
+4 -1 100000 100000 0 1 0 0 1
+4 +1 100000 100000
+4 * 100000 100000
+4 * 100000
+4 * 100000
+4 * 100000
+4 * 100000 200000
+4 * 100000 200000
+4 * 100000
+4 * 100000

fl=(34) ./misc/../sysdeps/unix/sysv/linux/brk.c
fn=(240) brk
0xe3a80 36 4 0 0 3 0 0 1
fi=(35) ./misc/../sysdeps/unix/sysv/linux/brk_call.h
+4 -12 4
+4 * 4
fe=(34)
+4 +13 4
+4 * 4 4
+4 * 4 0 4
+4 +1 4
+4 * 4
+4 +6 4
+4 +1 4

fl=(20) ./string/../sysdeps/aarch64/multiarch/../memcpy.S
fn=(116) __GI_memmove
0x9d138 95 2001 0 0 1 0 0 1
+4 +1 1001 1001
+4 +1 1001 1001
+4 +1 1001 0 1001
+4 +1 1001 0 1001
+4 +1 1001
+4 +4 1000 0 0 1 0 0 1
+4 +1 1000 1000
+4 +1 1000 1000
+4 +1 1000 0 1000
+4 +1 1000 0 1000
+4 +1 1000
+44 +18 2002 4004 0 1 0 0 1
+4 +1 2002 4004
+4 +1 2002
+4 +1 2002
+4 +1 1001 0 2002
+4 +1 1001 0 2002
+4 +1 1001
+8 +5 1001 2002
+4 +1 1001
+4 +1 1001
+4 +1 1001 2002
+4 +1 1001 0 2002 1001 0 2 1 0 2
+4 +2 1001 0 2002
+4 +1 1001 0 2002
+4 +1 1001 0 2002
+4 +1 1001
+8 +8 1005 1005 0 1005 4
+4 +1 1005
+4 +1 1005
+4 +1 1005
+4 +1 1005
+4 +1 1005 2010 0 0 4
+4 +1 1005 0 1005 0 0 249 0 0 249
+4 +1 1005 2010 0 0 1
+4 +1 1005
+4 +1 1005
+4 +2 2114 0 4228 1005 0 1014 1 0 1014
+4 +1 2114 4228 0 0 41
+4 +1 2114 0 4228 0 0 1078 0 0 1078
+4 +1 2114 4228 0 0 61
+4 +1 2114
+4 +1 2114
+4 +1 2114
+4 +1 2114
+4 +4 1005 2010
+4 +1 1005 0 2010 0 0 499 0 0 499
+4 +1 1005 2010
+4 +1 1005 0 2010 0 0 495 0 0 495
+4 +1 1005 0 2010
+4 +1 1005 0 2010
+4 +1 1005
+8 +6 7010 0 0 47 0 0 1
+4 +5 7010
+4 +1 7010
+4 +1 7010
+4 +1 7010
+4 +1 6005
+4 +1 6005
+4 +3 4003
+4 +1 4003
+4 +1 2002 2002
+4 +1 2002 2002
+4 +1 2002 0 2002
+4 +1 2002 0 2002
+4 +1 2002
+4 +4 1005
+4 +1 1005
+4 +1 1005 0 0 1005 0 0 1
+4 +1 1005

fl=(9) ./stdlib/./stdlib/rand.c
fn=(34) rand
0x3f1f0 26 100000 0 200000 2998 0 0 1
+4 * 100000
+4 +1 100000
cfi=(10)
cfn=(36)
calls=100000 0x3f450 288 
* * 8187200 2100022 1100022 46 8 0 10 8
+4 +1 100000 200000
+4 * 100000 0 0 996 0 0 1

fl=(4) ./malloc/./malloc/malloc.c
fn=(12) _int_malloc
0x90b50 3766 2014 0 4028 1 0 2 1 0 2
+4 * 2014
+4 * 2014 0 4028
+4 1338 2014
+4 +10 2014 0 4028 0 0 1 0 0 1
+4 * 2014
+4 * 2014
+4 * 2014 0 4028
+4 * 2014
+4 * 2014
+4 * 2014 0 4028
+4 * 2014
+4 * 2014 2014 0 1 0 0 1
+4 * 2014
+4 +9 2014
+4 * 2014
+4 * 2014
+4 * 1013
+4 3807 1013
+4 1804 1013
+4 3834 1013 1013
+4 * 1013
+4 * 1013
+4 +2 5
+4 * 5 0 10
+4 * 5
+4 * 5
+4 +3 5
+4 * 5 5 0 1 1 0 1 1
+4 +2 5
0x90d80 +56 1008
+4 * 1008
+4 +62 4
+4 * 4 0 8
+4 * 4
+4 * 4
+4 * 4
+4 * 2
+4 * 2
+4 * 2
+4 * 2
+4 +1 2
+4 * 2 2 0 0 2
+4 * 2
-8 * 2
+4 * 2 2 0 0 2 0 0 1
+4 * 2
+4 +20 4
+4 * 4 4
+4 * 4
+4 -1 4
+4 -1 4
+4 +2 4
+4 -1 4
+4 +1 4 4
+4 * 4
+4 * 4
+4 * 4 4
+4 * 4
+4 * 4
+4 +10 4
+4 -6 4
+4 +6 4 4
+4 * 4
+4 * 4
0x90eec 3807 1001 0 0 1 0 0 1
+4 1804 1001
+4 3834 1001 1001
+4 * 1001
+4 * 1001
0x90ff0 * 1001 0 0 1 0 0 1
+4 * 1001 0 2002
+4 * 1001
+4 * 1001
+4 * 1001
+4 1357 1001
+4 3839 1001 1001
+4 +2 1001
+4 +59 1006 0 0 1 0 0 1
+4 * 1006
+4 * 1006 2012
+4 * 1006
+4 * 1006
cfn=(13) _int_malloc'2
calls=1006 0x90f0c * 
* * 106707 25299 5272 3975 9 491 30 4 491
0x911b8 4179 4
+4 * 4
+4 +2 4 0 0 4
+4 * 4
+4 +3 4
+4 * 4 4 0 0 4 0 0 4
+4 * 4
+4 * 4
+16 +68 4
+4 +1 4
+4 * 4
+4 * 4
+4 +2 4
+4 -1 4
+4 +1 4
+4 -2 4 0 0 4
+4 +3 4
+4 -3 4
+4 +3 4
+4 +12 4
+4 -13 4 4
+4 +6 4
+4 * 4
+4 * 4
+4 * 4
cfn=(13)
calls=4 0x91458 3854 
* * 184 66 12 0 0 4 0 0 4
0x912b4 3900 1004 0 0 1004 0 0 1
+4 * 1004
+4 -1 1004
+4 * 1004 0 0 1004 0 0 1
+4 * 1004
cfn=(13)
calls=1004 0x90f0c +1 
* * 101251 24478 5312 1090 38 1006 23 10 994
0x9235c 3341 2014 4028 0 1 0 0 1
+4 * 2014
+4 * 2014 4028
+4 * 2014 4028
+4 * 2014 4028
+4 * 2014
0x9245c 1473 2014
+4 3315 2014
+4 1473 2014 2014
+4 * 2014
+4 3316 2014
+4 476 2014
+4 3316 2014
+4 476 2014 2014
+4 * 2014
+4 3316 2014 2014 0 973 0 0 1
+4 * 2014
fi=(5) ./malloc/./malloc/arena.c
+4 162 2014 2014
+4 * 2014
fe=(4)

fn=(13)
0x90db8 3980 2008 0 0 1 0 0 1
+4 * 2008 2008
+4 * 2008 0 0 1 0 0 1
+4 -1 2008
+4 -1 2008
+4 +2 2008
+4 -1 2008
+4 +1 2008 2008
+4 * 2008
+4 * 2008
+4 * 2008 2008
+4 * 2008
+4 * 2008
+4 +10 2008
+4 -6 2008
+4 +6 2008 2008 0 0 1
+4 * 2008
+4 * 2008
+4 -1 38 0 0 1 0 0 1
+4 +1 38
+4 +3 38 38
+4 * 38
+4 +1 38
+4 +2 38
+4 * 38
+4 +1 38 38
+4 * 38
+4 * 38
+4 +2 38 38
+4 +1 38
+4 * 38
+4 * 38
+4 +2 38 38
+4 * 38
+4 * 38 0 0 1 0 0 1
+4 * 38
+4 -10 38 38
+4 +12 38 38
+4 * 38
+4 * 38
+4 +1 38 38
+4 * 38
+4 * 38
+4 +2 38
+4 +11 38
+4 * 38
+4 * 38
+4 +31 2 0 2
+4 +1 2 0 2
+4 +4 2
+4 * 2 0 0 1 0 0 1
+4 +29 2
+4 * 2
+4 +8 2
+4 * 2
+4 * 2
+4 * 1
+4 * 1
+4 * 1
+4 * 1
+4 +1 1
+4 * 1
+4 * 1
+4 +1 1 1 0 0 1
+4 +3 1
+4 * 1
-20 -4 1
+4 * 1
+4 * 1
+4 +1 1 1 0 0 1
+4 +3 1
+4 * 1
+80 3900 2010 0 0 1 0 0 1
+4 * 2010
+4 +2 2010 2010 0 0 9 0 0 5
+4 * 2010
+4 * 2010
+4 +2 2 2
+4 +1 2 2
+4 * 2
+4 * 2
+4 +2 2
+4 +4 2
+4 * 2
+4 -4 2 2
+4 * 2 0 0 1 0 0 1
+4 * 2 0 2
+4 +1 2 0 2
+4 +1 2 0 2
+4 +2 2
+4 * 2
+16 +7 2
+4 * 2 2
+4 * 2
+4 * 2
+4 * 2 2
+4 * 2
+4 * 2
+4 * 2 0 0 1 0 0 1
+4 -1 2
+4 +1 2 2
+4 -1 2
+4 +1 2
+4 * 2
+4 * 2
+4 +5 2 2
+4 * 2
+4 * 2 2
+4 * 2
+4 * 2
cfn=(13)
calls=2 +20 +1 
* * 30 24
+4 +1 2 2
+4 * 2
+4 * 2
+8 * 2
+4 * 2
+4 1999 2 2
+4 3940 2
+4 1999 2
+4 * 2 4
+4 4409 2
+4 * 2 4
+4 * 2 4
+4 * 2 4
+4 * 2 4
+4 * 2
0x91088 1999 16 32
+4 * 16 32
+4 * 16 32
+4 * 16 32
+4 4409 16
+4 * 16 32
+4 * 16 32
+4 * 16
-12 * 1996 0 0 1 0 0 1
+4 * 1996 3992
+4 * 1996 3992
+4 * 1996
0x91138 4001 2008 0 4016 2 0 0 1
+4 * 2008
cfn=(13)
calls=2008 0x90db8 -21 
* * 193796 47727 6562 5060 38 1497 49 9 1485
+4 +84 16
+4 +1 16
+4 * 16
+4 * 16
+4 +1 16 16 0 0 7 0 0 2
+4 +56 16
+4 * 16
+4 +9 16
+4 * 16
+4 -9 16
+4 * 16 16
+4 * 16
+4 * 16 0 16
+4 +1 16 0 32
+4 +2 16 0 16
+4 +1 16 0 16
+4 +6 16
-44 -10 2 0 0 1 0 0 1
+4 * 2
+4 +9 2
+4 * 2
+4 -9 2
+4 * 2 2
+4 * 2
+4 * 2 0 2
+4 +1 2 0 4
+4 +2 2 0 2
+4 +1 2 0 2
+4 +6 2
+40 3990 18 18
+4 * 18
+4 * 18
+4 4168 18
+4 +11 1988 0 0 1 0 0 1
+4 * 1988
+40 +73 1988 0 0 1987 0 0 1
+4 +1 1988
+4 * 1988
+4 * 1988
+4 +2 1988
+4 -1 1988
+4 +1 1988
+4 -2 1988 0 0 994 0 0 1
+4 +3 1988
+4 -3 1988
+4 +3 1988
+4 +12 1988
+4 -13 1988 1988 0 0 1 0 0 1
+4 +6 1988
+4 * 1988
+4 * 1988
-8 * 16
+4 * 16
+4 * 16
+4 * 1976
cfn=(13)
calls=1976 0x91458 3854 
* * 115560 36758 6072 2034 27 1499 35 6 1487
+4 +16 168
+4 +1 168
+4 +1 168
+4 -4 200
+4 * 200
+4 +8 32 32
+4 +3 32 0 0 16
+4 * 32
+4 +2 16
+4 * 16
+4 * 16
+4 +1 16
+4 +1 16
+4 -2 16 0 16
+4 -27 16
cfn=(13)
calls=16 -72 * 
* * 2030 350 99 30 0 6 0 0 6
+4 -99 18 0 0 18 0 0 1
+4 * 18
+4 * 18
+4 * 18
0x91370 4019 38 38 0 1 0 0 1
+4 * 38
+4 * 38
+4 +2 36
+4 -1 36
+4 * 36
+4 +29 16 0 16
+4 +1 16 0 16
+4 +4 16
+4 * 16
+4 +29 16
+4 * 16
+12 +8 1 0 0 1 0 0 1
+4 * 1
cfn=(13)
calls=1 0x90ea8 +1 
* * 231 36 23 12 1 0 9
0x91440 +49 2 0 0 2
+4 * 2 0 4
+4 * 2
cfn=(13)
calls=2 0x91154 +3 
* * 385 71 42 15 0 0 9
+16 3854 1980 0 0 991 0 0 1
+4 * 1980
cfn=(13)
calls=1980 +16 4265 
* * 111784 36824 6084 1043 27 1503 34 6 1491
+4 4268 4933
+4 * 4933 4933
+4 * 4933
+4 -3 6909
+4 * 6909
+4 * 6909
+4 4365 1976 1976
+4 +3 1976 1976
+4 -2 1976 1976 0 991 3 0 1 1
+4 * 1976
+4 +2 1976
+4 * 1976
+4 +3 1976
+4 * 1976
+4 * 1976
+4 +17 4
+4 * 4 0 8
+4 * 4 4 0 0 4
+4 * 4
0x91544 -93 16 16 0 1 0 0 1
+4 * 16
+4 +3 16
+4 * 16
+4 +2 16
+4 +3 16
+4 * 16
cfn=(242) unlink_chunk.constprop.0
calls=16 0x8e950 1620 
* * 346 138 68 4 0 0 3
+4 +3 16
+4 * 16
+4 +15 16 16
+4 -5 16
+4 +6 16 16
+4 * 16
+4 * 16
+4 +2 16 0 32
+4 +2 16 0 16 1 0 0 1
+4 +1 16 0 16
+4 +3 16
+4 * 16
+4 +1 16 0 16
+4 +1 16
+4 * 16
+4 +2 2 0 4
+4 +3 2
+4 * 2
+4 +2 2
+4 -2 2
+4 * 2
+4 * 2
+4 * 2
+4 * 2 0 2
+4 +2 2 0 2
+4 +1 2 0 2
+4 1999 2 2
+4 4343 2
+4 1999 2
-48 4337 14
+4 * 14
+4 +2 14
+4 -2 14
+4 * 14
+4 * 14
+4 * 14
+4 * 14 0 14
+4 +2 14 0 14
+4 +1 14 0 14
+4 1999 14 14
+4 4343 14
+4 1999 14
+44 4270 4 0 0 1 0 0 1
+4 * 4 0 0 1 0 0 1
+4 * 4
+4 +1 4
+4 -1 4
+4 * 4
+4 +1 4
cfn=(13)
calls=4 0x91234 +4 
* * 478 95 40 8 0 2 5 0 2
0x91770 4376 1972 0 0 1 0 0 1
+4 * 1972
+4 * 1972
+4 -2 1972
+4 +2 1972 0 0 1 0 0 1
+4 -3 1972
+4 +2 1972 0 1972
+4 +6 1972
+4 -5 1972
+4 +2 1972
+4 -2 1972
+4 * 1972 0 1972
+4 +6 1972
+4 -4 1972 0 1972 0 0 1485 0 0 1485
+4 +4 1972
+4 +23 1972
cfn=(14) alloc_perturb
calls=1972 0x8e300 1999 
* * 7888 1972 0 1 0 0 1
* * 24
cfn=(14)
calls=24 0x8e300 1999 
* * 96 24
+4 * 1996 3992
+4 * 1996 3992
+4 * 1996 3992
+4 * 1996 3992
+4 * 1996 0 0 1 0 0 1
cfn=(13)
calls=1996 0x91098 +4 
* * 7984 7984 0 1 0 0 1
0x91890 -2 4 0 0 1 0 0 1
+4 * 4
+4 * 4
cfn=(234) sysmalloc
calls=4 0x903f0 2542 
* * 752 228 120 36 20 16 20 5 4
+32 4025 20
+4 +1 20 0 40
+4 -2 20 0 0 1 0 0 1
+4 +3 20 0 20
+4 +1 20 0 40
+4 +1 20
+4 * 20
+4 +2 12 0 24
+4 +4 12
+4 * 12
+4 +2 12
+4 -2 12
+4 +6 12
+4 -6 12
+4 +7 12
+4 * 12
+4 -7 12
+4 * 12
+4 * 12 0 12 1 0 0 1
+4 +2 12 0 12
+4 +1 12 0 12
+4 +4 12
cfn=(13)
calls=12 0x917ac 4405 
* * 168 156
-52 -7 8
+4 * 8
+4 +2 8
+4 -2 8
+4 +6 8
+4 -6 8
+4 +7 8
+4 * 8
+4 -7 8
+4 * 8
+4 * 8 0 8
+4 +2 8 0 8
+4 +1 8 0 8
+4 +4 8
cfn=(13)
calls=8 0x917ac 4405 
* * 112 104

fn=(242)
0x8e950 1620 16 0 32 2 0 0 1
+4 * 16
+4 +2 16 16
+4 * 16
+4 * 16 16
+4 * 16
+4 * 16
+4 +4 16 32
+4 +2 16 16
+4 * 16
+4 * 16
+4 * 16 16
+4 * 16 0 0 1 0 0 1
+4 * 16
+4 +3 16 0 16
+4 +1 16 0 16
+4 +1 16
+4 * 16
+4 * 2 2
+4 * 2
+4 +2 2 2
+4 * 2
+4 * 2
+4 +1 2 2
+4 * 2 2
+4 * 2
+4 * 2
+4 +3 2 2
+4 * 2 0 0 1 0 0 1
+4 +14 2 0 2
+4 +1 2 0 2
+4 +3 2 4
+4 * 2
-4 * 14 28
+4 * 14

fn=(156) _int_free
0x8fa84 4417 7010 0 0 1 0 0 1
+4 * 7010 0 14020
+4 * 7010
+4 * 7010 0 14020
+4 * 7010
+4 * 7010
+4 * 7010
+4 * 7010 7010
+4 * 7010 0 14020
+4 +10 7010 7010
+4 -10 7010 7010
+4 * 7010 0 7010
+4 * 7010
+4 +10 7010 0 14020
+4 * 7010
+4 +6 7010 0 0 1 0 0 1
+4 * 7010 0 14020
+4 * 7010
+4 * 7010
+4 +1 7010
+4 * 7010
+4 +4 7010
+4 * 7010
+4 * 7010
+4 * 7010
+4 +8 7010
+4 * 7010
+4 * 7010 7010
+4 * 7010
+4 * 7010
+4 * 7010
+4 * 7010 7010 0 1 0 0 1
+4 * 7010
+4 * 7010
+4 * 7010
+4 -1 7010
+4 +10 7010
+4 -9 7010 7010
+4 -1 7010
+4 +1 7010
+4 * 7010
+4 +9 7008
+4 -6 7008
+4 +6 7008 7008
+4 * 7008 7008
+4 +9 7008 7008
+4 -9 7008
+4 * 7008 0 0 1 0 0 1
+4 +20 7008
+4 * 7008 7008
+4 * 7008
+4 * 7008
+4 1804 2
+4 4489 2 2
+4 * 2
+4 * 2
0x8fbe8 4698 2
+4 * 2 2
+4 * 2 2
+4 * 2 2
+4 * 2
+4 * 2
+4 * 2
+4 * 2 4
+4 * 2 4
+4 * 2 4
+4 * 2 4
+4 * 2 4
+4 * 2
+4 * 2
+4 4565 2
+4 +3 2
+4 * 2
+4 +3 2
+4 * 2 0 2
+4 -3 2 2 0 0 1 0 0 1
+4 * 2
+4 * 2
+4 +3 2 0 0 1 0 0 1
+4 * 2
+4 +7 2 2
+4 -4 2
+4 +4 2
+4 * 2
+4 +3 2 2
+4 * 2
+4 +5 2 2 0 0 1
+4 * 2
+4 +3 2
+4 +1 2
+4 * 2
+4 +1 2 2
+4 * 2
+4 * 2
+4 2006 2 2 0 2 0 0 1
+4 * 2
+4 4597 2 2
+4 * 2
+40 +9 2 2
+4 * 2
+4 * 2
+4 +2 2 0 0 1 0 0 1
+4 * 2 2 0 0 2
+4 +3 2
+4 +4 2 2
+4 * 2
+4 * 2 0 2
+4 +9 2 2
+4 -1 2
+4 +2 2 2
+4 * 2
+4 * 2
+4 +3 2 0 4
+4 +9 2
+4 -8 2
+4 * 2
+4 +2 2 0 4
+4 +3 2 0 2 1 0 0 1
+4 +1 2 0 2
+4 +2 2 0 2
+4 +1 2 0 2
+4 +30 2
+4 * 2
+4 * 2
0x8ff24 3175 7008 0 0 1 0 0 1
+4 +4 7008
+4 -2 7008 7008 0 0 5 0 0 5
+4 * 7008
+4 -2 7008 0 14016
+4 +3 7008 0 7008
+4 +1 7008 0 7008
+4 4478 7008 0 0 1 0 0 1
cfn=(157) _int_free'2
calls=7008 0x8fbe8 4698 
* * 98112 91104 0 2 0 0 2
0x8ffd0 4688 2 2 0 1 0 0 1
+4 * 2
0x901c8 4583 2 2 0 2 1 0 1
+4 * 2
+4 * 2
+4 -2 2
+4 * 2
0x92a9c 3388 7008 0 7008
+4 +1 7008 14016
+4 * 7008 14016
+4 * 7008 7008
+4 * 7008 14016
+4 * 7008

fn=(157)
0x8fbe8 4698 7008 0 0 1 0 0 1
+4 * 7008 7008
+4 * 7008 7008
+4 * 7008 7008
+4 * 7008
+4 * 7008
+4 * 7008 0 0 1 0 0 1
+4 * 7008 14016
+4 * 7008 14016
+4 * 7008 14016
+4 * 7008 14016
+4 * 7008 14016
+4 * 7008
+4 * 7008

fn=(234)
0x903f0 2542 4 0 0 4 0 0 1
+4 * 4
+4 * 4 4
+4 * 4 0 8 0 0 4
+4 * 4 0 0 4 0 0 1
+4 +20 4
+4 * 4 4
+4 -20 4 0 8
+4 * 4
+4 * 4 0 8
+4 * 4
+4 * 4 0 8
+4 * 4
+4 * 4 4
+4 * 4 0 4 0 0 4
+4 * 4
+4 +20 4 4
+4 +11 4
+4 +1 4
+4 * 4 4 0 0 4 0 0 1
+4 * 4 0 0 4 0 0 1
+4 * 4
+4 -11 4 0 4
+4 * 4 0 8
+4 * 4 0 8
+4 +37 4
+4 * 4 4
+4 +1 4 4
+4 * 4
+4 +1 4
+4 +9 4
+4 * 4
+4 * 4
+4 * 4
+4 * 4
+4 * 4
+4 * 4 0 0 4 0 0 1
+4 * 4
+4 +6 4
+4 * 4
+4 * 4
+4 +3 4
+4 * 4
+4 * 4
+4 * 4
0x90694 +61 4 0 0 1 0 0 1
+4 +8 4 4
+4 -8 4 4 0 0 4 0 0 1
+4 +9 4
+4 +13 4 4
+4 -22 4
+4 * 4
+4 +9 4
+4 * 4
+4 +13 4
+4 +8 4
+4 * 4 0 0 1 0 0 1
+4 * 4
+4 * 4
+4 * 4 0 4
+4 +8 4
+4 * 4
0x9080c +2 4 0 0 1 0 0 1
+4 * 4 0 4
+4 * 4
cfi=(32) ./malloc/./malloc/morecore.c
cfn=(236) __glibc_morecore
calls=4 0x8f970 26 
* * 176 48 32 11 8 4 7 2
+4 * 4
+4 +1 4 4
+4 * 4
+4 2022 4
+4 * 4 4
+4 * 4
+4 * 4
+4 * 4
+4 * 4
+4 2604 4
+4 * 4 0 0 1 0 0 1
cfn=(235) sysmalloc'2
calls=4 0x90728 2758 
* * 200 80 24 5 4 4 5 1 4
0x9189c 4403 4
+4 +1 4
+4 +1 4
+4 * 4
cfn=(13)
calls=4 0x917ac * 
* * 56 52

fn=(235)
0x90520 2935 4 4 0 1 4 0 1 1
+4 * 4
+4 * 4
+4 +1 4 0 4
+4 +5 4 4
+4 * 4
+4 +3 4
+4 * 4
+4 +5 4 0 0 1 0 0 1
+4 -2 4
+4 +2 4
+4 -3 4
+4 +3 4
+4 +1 4
+4 +2 4 8
+4 -3 4
+4 -1 4 0 4
+4 +1 4
+4 * 4 0 4
+4 +3 4
+4 * 4 8
+4 -2 4 0 4 0 0 4 0 0 4
+4 +8 4
+4 * 4 4
+4 * 4 4 0 1 0 0 1
+4 * 4 4
+4 * 4
+4 * 4
+4 * 4
+4 * 4 8
+4 * 4 8
+4 * 4 8
+4 * 4 8
+4 * 4
+4 * 4
0x90728 2758 4 0 0 1 0 0 1
+4 * 4 4
+4 * 4
+4 +2 4
+4 +6 4
+4 * 4
+4 -6 4 4 0 1 0 0 1
+4 * 4
+4 * 4 0 4
+4 +6 4
+4 +1 4
+4 2940 4 4
+4 2767 4
+4 * 4 0 4
+4 * 4
cfn=(235)
calls=4 0x90520 2935 
* * 140 68 16 3 4 4 3 1 4

fn=(10) malloc
0x92240 3281 9011 0 18022 47 0 1 1 0 1
+4 * 9011
+4 * 9011 0 18022
+4 +7 9011
+4 * 9011
+4 -7 9011 0 18022
+4 * 9011
+4 +7 9011 9011 0 0 1 0 0 1
+4 -7 9011 0 18022
+4 +7 9011
+4 1338 9011
+4 +10 9011
+4 * 9011
+4 * 9011 9011
+4 * 9011
+4 3300 9011
+4 * 9011 9011 0 1004 1 0 1 1
+4 * 9011
+4 1357 9011
+4 3300 9011
+4 -2 9011
+4 * 9011
+4 * 9011
+4 +2 9011 9011 0 0 1 0 0 1
+4 -2 9011
+4 * 9011
+4 +2 9011
+4 +3 9011
+4 * 9011 9011 0 0 1 0 0 1
+4 * 9011
+4 * 9011
+4 +10 2014
+4 * 2014 2014 0 1006 1 0 1 1
+4 * 2014
0x9235c +28 6997 13994
+4 * 6997
+4 * 6997 13994
+4 * 6997 13994
+4 * 6997 13994
+4 * 6997
+96 -37 9008 0 0 1000 0 0 1
+4 * 9008
+4 +1 9008 9008 0 0 9 0 0 2
+4 * 9008
+4 3187 6997
+4 * 6997 6997 0 0 9 0 0 1
+4 +1 6997
+4 * 6997
+4 +2 6997 6997 0 0 2
+4 1473 6997
+4 3191 6997
+4 -1 6997
+4 1473 6997 6997 0 994 0 0 1
+4 3190 6997 0 6997
+4 +1 6997 0 6997
+4 +1 6997 0 6997
+4 1473 6997
+60 3315 2014 0 0 1000 0 0 1
+4 * 2014
+4 * 2014
+4 * 2014
cfn=(12)
calls=2014 0x90b50 3766 
* * 312050 81085 32756 8061 56 1504 63 20 1492
0xa2cac 0 2014
+4 0 2014 2014
+4 0 2014 4028
+4 0 2014

fn=(14)
0x8e300 1999 1996 0 0 1 0 0 1
+4 * 1996 1996
+4 * 1996
+4 +2 1996

fn=(152) free
fi=(8) /opt/lab2-sysroot/usr/include/c++/12/bits/new_allocator.h
0x27e0 159 7000
+4 * 7000 14000
+4 * 7000
0x2bac * 10
+4 * 10 20
+4 * 10
fe=(4)
0x929c4 3350 7010 0 0 1 0 0 1
+4 -4 7010 0 14020
+4 * 7010
+4 * 7010 0 14020
+4 +9 7010
+4 * 7010
+4 -9 7010 0 14020
+4 +12 7010
+4 +2 7010
+4 -5 7010 7010
+4 -9 7010 0 7010
+4 +12 7010
+4 * 7010 7010 0 0 1 0 0 1
+4 * 7010 7010 0 0 1 0 0 1
+4 -3 7010
+4 +7 7010 7010 0 1 1 0 1
+4 * 7010
+72 +17 7010 0 0 1 0 0 1
+4 * 7010 7010
+4 * 7010
+4 * 7010 7010
+4 * 7010
+4 +3 7010
+4 * 7010 7010
+4 * 7010
fi=(5)
+4 162 7010
+72 * 7010 0 0 1 0 0 1
+4 * 7010
+4 * 7010
cfi=(4)
cfn=(153) free'2
calls=7010 -44 3385 
* * 581922 217330 112172 16 10 0 14 6
fe=(4)

fn=(153)
0x92a90 3385 7010
+4 * 7010
+4 * 7010
cfn=(156)
calls=7010 0x8fa84 4417 
* * 560880 217316 112170 16 10 0 14 6
+4 +3 2 0 2
+4 +1 2 4
+4 * 2 4
+4 * 2 2
+4 * 2 4
+4 * 2

fl=(11)
fn=(42)
0x1366b0 0 100000 0 0 1 0 0 1
+4 0 100000
+4 0 100000 100000
+4 0 100000
+12 0 100000 0 0 1 0 0 1
+4 0 100000 100000
+4 0 100000 0 100000
+4 0 100000
-8 0 5 5
+4 0 5 0 5
+4 0 5
+4 0 100000

fn=(38)
0x1363d0 0 100000 0 0 15 0 0 1
+4 0 100000
+4 0 100000 100000 0 0 1 0 0 1
+4 0 100000
+12 0 100000
+4 0 100000 100000 0 0 1 0 0 1
+4 0 100000
+4 0 100000
-8 0 17 17
+4 0 17
+4 0 17
+4 0 100017 0 100017
+4 0 100017
+4 0 100000 0 0 11 0 0 1

fl=(12)
fn=(40)
0x3f8d0 357 100000 0 0 1 0 0 1
+4 * 100000
+4 * 100000
+4 +5 100000 100000 0 0 1 0 0 1
+4 -2 100000 100000
+4 +2 100000
+4 +13 100000 200000
+4 -3 100000 100000 0 0 1 0 0 1
+4 +3 100000 100000 0 0 1 0 0 1
+4 * 100000
+4 * 100000 100000 0 0 2 0 0 2
+4 * 100000
+4 * 100000 0 100000 1 0 0 1
+4 +2 100000
+4 * 100000 0 100000
+4 +2 100000
+4 * 100000
+4 +8 96775
+4 * 96775
+4 -27 3225
+4 +27 3225
+4 +4 3225 0 6450
+4 +2 3225
+4 +5 3225
-8 -7 3225 0 6450
+4 +2 3225
+4 +5 3225
+44 -5 93550 0 0 1 0 0 1
+4 -2 93550 0 187100
+4 * 93550
cfn=(41) random_r'2
calls=93550 -56 +2 
* * 187100

fn=(41)
0x3f928 393 93550
+4 +5 93550

fl=(32)
fn=(236)
0x8f970 26 4 0 0 3 0 0 1
+4 * 4 4
+4 * 4
+4 -1 4 0 8
+4 * 4 0 0 1 0 0 1
+4 +4 4
cfi=(33) ./misc/./misc/sbrk.c
cfn=(238) sbrk
calls=4 0xe3ad0 +8 
* * 136 36 24 7 8 4 5 2
+4 +1 4
+4 * 4
+4 +4 4 8
+4 * 4

fl=(33)
fn=(238)
0xe3ad0 37 4 0 8 1 0 4 1
+4 +6 4
+4 -6 4
+4 +6 4 4
+4 -6 4 0 4
+4 +3 4
+4 * 4 4 0 0 4 0 0 1
+4 -3 4 0 8
+4 * 4
+4 +3 4 4 0 0 4 0 0 1
+4 +3 4
+40 +15 4 0 0 1 0 0 1
+20 +4 4
+4 * 4
+4 +4 4
+4 * 4 0 0 1 0 0 1
+4 * 4
+64 +8 4 0 0 1 0 0 1
cfi=(34)
cfn=(240)
calls=4 0xe3a80 -38 
* * 40 4 4 3 0 0 1
+4 * 4
+4 +4 4 4
+4 * 4
+4 * 4 8
+4 * 4 8
+4 * 4

ob=(1) /home/pi/LAB2_RTS/bin/sensor_rpi_sysroot
fl=(15) /opt/lab2-sysroot/usr/include/c++/12/bits/stl_iterator.h
fn=(82) __gnu_cxx::__normal_iterator<int*, std::vector<int, std::allocator<int> > >::base() const
0x2ac4 1158 32000 0 0 1 0 0 1
+4 * 32000 0 32000
+4 +1 32000 32000
+4 * 32000
+4 * 32000

fn=(166) __gnu_cxx::__normal_iterator<double*, std::vector<double, std::allocator<double> > >::__normal_iterator(double* const&)
0x24c8 1072 22 0 0 1 0 0 1
+4 * 22 0 22
+4 * 22 0 22
+4 +1 22 22
+4 * 22 22
+4 * 22 22
+4 * 22 0 22
+4 * 22
+4 * 22
+4 * 22

fn=(190) __gnu_cxx::__normal_iterator<double*, std::vector<double, std::allocator<double> > >::base() const
0x2738 1158 44 0 0 1 0 0 1
+4 * 44 0 44
+4 +1 44 44 0 1 0 0 1
+4 * 44
+4 * 44

fn=(52) __gnu_cxx::__normal_iterator<int*, std::vector<int, std::allocator<int> > >::__normal_iterator(int* const&)
0x2854 1072 16000 0 0 1 0 0 1
+4 * 16000 0 16000
+4 * 16000 0 16000
+4 +1 16000 16000
+4 * 16000 16000
+4 * 16000 16000
+4 * 16000 0 16000
+4 * 16000
+4 * 16000
+4 * 16000

fn=(188) __gnu_cxx::__normal_iterator<double*, std::vector<double, std::allocator<double> > >::difference_type __gnu_cxx::operator-<double*, std::vector<double, std::allocator<double> > >(__gnu_cxx::__normal_iterator<double*, std::vector<double, std::allocator<double> > > const&, __gnu_cxx::__normal_iterator<double*, std::vector<double, std::allocator<double> > > const&)
0x268c 1330 11 0 22
+4 * 11
+4 * 11 0 11
+4 * 11 0 11
+4 * 11 0 11
+4 +3 11 11
+4 * 11
cfn=(190)
calls=11 0x2738 1158 
* * 55 11 11 2 0 0 2
+4 * 11 11
+4 * 11 11
+4 * 11
cfn=(190)
calls=11 0x2738 1158 
* * 55 11 11
+4 * 11 11
+4 * 11
+4 * 11
+4 * 11 11 0 1 0 0 1
+4 * 11 22
+4 * 11

fn=(80) __gnu_cxx::__normal_iterator<int*, std::vector<int, std::allocator<int> > >::difference_type __gnu_cxx::operator-<int*, std::vector<int, std::allocator<int> > >(__gnu_cxx::__normal_iterator<int*, std::vector<int, std::allocator<int> > > const&, __gnu_cxx::__normal_iterator<int*, std::vector<int, std::allocator<int> > > const&)
0x2a18 1330 8000 0 16000
+4 * 8000
+4 * 8000 0 8000
+4 * 8000 0 8000
+4 * 8000 0 8000
+4 +3 8000 8000
+4 * 8000
cfn=(82)
calls=8000 0x2ac4 1158 
* * 40000 8000 8000 1 0 0 1
+4 * 8000 8000
+4 * 8000 8000
+4 * 8000
cfn=(82)
calls=8000 0x2ac4 1158 
* * 40000 8000 8000
+4 * 8000 8000 0 1 0 0 1
+4 * 8000
+4 * 8000
+4 * 8000 8000
+4 * 8000 16000
+4 * 8000

fl=(13) /opt/lab2-sysroot/usr/include/c++/12/bits/move.h
fn=(46) std::remove_reference<int&>::type&& std::move<int&>(int&)
0x1994 104 100000 0 0 1 0 0 1
+4 * 100000 0 100000
+4 +1 100000 100000
+4 * 100000
+4 * 100000

fn=(54) int&& std::forward<int>(std::remove_reference<int>::type&)
0x1f98 77 308000 0 0 1 0 0 1
+4 * 308000 0 308000
+4 +1 308000 308000
+4 * 308000
+4 * 308000

fn=(198) double const& std::forward<double const&>(std::remove_reference<double const&>::type&)
0x244c 77 2011 0 0 1000 0 0 1
+4 * 2011 0 2011
+4 +1 2011 2011
+4 * 2011
+4 * 2011

fl=(19) /opt/lab2-sysroot/usr/include/c++/12/bits/stl_uninitialized.h
fn=(110) std::enable_if<std::__is_bitwise_relocatable<int, void>::value, int*>::type std::__relocate_a_1<int, int>(int*, int*, int*, std::allocator<int>&)
0x31e0 1136 7000 14000
+4 * 7000 14000
+4 * 7000
0x33d8 -36 16000 0 32000
+4 * 16000
+4 * 16000 0 16000
+4 * 16000 0 16000
+4 * 16000 0 16000
+4 * 16000 0 16000
+4 +4 16000 16000
+4 * 16000 16000
+4 * 16000
+4 * 16000
+4 * 16000 0 16000 1000 0 0 1
+4 +1 16000 16000
+4 * 16000
+4 * 16000
+4 +12 7000 7000
+4 * 7000
+4 * 7000
+4 * 7000 7000
+4 * 7000 7000
+4 * 7000
cob=(2)
cfi=(20)
cfn=(116)
calls=7000 0x9d240 189 
* * 135000 37000 37000 4040 0 3216 7 0 3216
* * 70000 35000 0 1 0 0 1
+4 +2 9000 9000
+4 * 9000
+4 * 9000 9000
+4 * 9000
+4 +1 9000 18000
+4 * 9000

fn=(218) std::enable_if<std::__is_bitwise_relocatable<double, void>::value, double*>::type std::__relocate_a_1<double, double>(double*, double*, double*, std::allocator<double>&)
0x3010 1136 10 20
+4 * 10 20
+4 * 10
0x32ec -36 22 0 44
+4 * 22
+4 * 22 0 22
+4 * 22 0 22
+4 * 22 0 22
+4 * 22 0 22 1 0 0 1
+4 +4 22 22
+4 * 22 22
+4 * 22
+4 * 22
+4 * 22 0 22
+4 +1 22 22
+4 * 22
+4 * 22
+4 +12 10 10
+4 * 10
+4 * 10
+4 * 10 10
+4 * 10 10
+4 * 10
cob=(2)
cfi=(20)
cfn=(116)
calls=10 0x9d240 189 
* * 1119 519 519 26 111 121 0 0 121
* * 100 50
+4 +2 12 12
+4 * 12 0 0 1 0 0 1
+4 * 12 12
+4 * 12
+4 +1 12 24
+4 * 12

fn=(214) double* std::__relocate_a<double*, double*, std::allocator<double> >(double*, double*, double*, std::allocator<double>&)
fi=(6) /opt/lab2-sysroot/usr/include/c++/12/bits/stl_vector.h
0x2ca8 491 10 20
+4 * 10
fe=(19)
0x2fc0 1127 22 0 44 1 0 0 1
+4 * 22
+4 * 22 0 44
+4 * 22 0 22
+4 * 22 0 22
+4 * 22 0 22
+4 * 22 0 22
+4 +6 22 22
+4 * 22
cfi=(17) /opt/lab2-sysroot/usr/include/c++/12/bits/stl_algobase.h
cfn=(216) double* std::__niter_base<double*>(double*)
calls=22 0x32d8 313 
* * 110 22 22
+4 * 22
+4 * 22 22
+4 * 22
cfi=(17)
cfn=(216)
calls=22 0x32d8 313 
* * 110 22 22
+4 * 22
+4 * 22 22
+4 * 22
cfi=(17)
cfn=(216)
calls=22 0x32d8 313 
* * 110 22 22
+4 * 22 22
+4 * 22 0 0 1 0 0 1
+4 * 22
+4 * 22
+4 * 22
cfn=(218)
calls=22 0x32ec -33 
* * 1689 753 673 28 111 121 2 0 121
+4 +3 12 24
+4 * 12 24
+4 * 12

fn=(106) int* std::__relocate_a<int*, int*, std::allocator<int> >(int*, int*, int*, std::allocator<int>&)
fi=(6)
0x2dd8 491 7000 14000
+4 * 7000
fe=(19)
0x3190 1127 16000 0 32000
+4 * 16000
+4 * 16000 0 32000
+4 * 16000 0 16000
+4 * 16000 0 16000
+4 * 16000 0 16000
+4 * 16000 0 16000
+4 +6 16000 16000
+4 * 16000
cfi=(17)
cfn=(108) int* std::__niter_base<int*>(int*)
calls=16000 0x33c4 313 
* * 80000 16000 16000
+4 * 16000
+4 * 16000 16000
+4 * 16000
cfi=(17)
cfn=(108)
calls=16000 0x33c4 313 
* * 80000 16000 16000
+4 * 16000 0 0 1993 0 0 1
+4 * 16000 16000
+4 * 16000
cfi=(17)
cfn=(108)
calls=16000 0x33c4 313 
* * 80000 16000 16000
+4 * 16000 16000
+4 * 16000
+4 * 16000
+4 * 16000
+4 * 16000
cfn=(110)
calls=16000 0x33d8 -33 
* * 546000 205000 149000 5041 0 3216 9 0 3216
+4 +3 9000 18000
+4 * 9000 18000
+4 * 9000

fl=(8)
fn=(180) std::__new_allocator<double>::max_size() const
0x3480 167 22 0 44 11 0 0 1
+4 * 22
+4 * 22 0 22
+4 +1 22 22
+4 * 22
cfn=(182) std::__new_allocator<double>::_M_max_size() const
calls=22 0x32c4 +42 
* * 110 0 22 11
+4 * 22 44
+4 * 22

fn=(92) void std::__new_allocator<int>::construct<int, int>(int*, int&&)
0x27ec 173 100000 0 200000 1 0 0 1
+4 * 100000
+4 * 100000 0 200000
+4 * 100000 0 100000
+4 * 100000 0 100000
+4 * 100000 0 100000 1 0 0 1
+4 +2 100000 100000
+4 * 100000
+4 * 100000
+4 * 100000
cfi=(18) /opt/lab2-sysroot/usr/include/c++/12/new
cfn=(94) operator new(unsigned long, void*)
calls=100000 0x162c * 
* * 600000 100000 200000 1 0 0 1
+4 * 100000
+4 * 100000 100000
+4 * 100000
cfi=(13)
cfn=(54)
calls=100000 0x1f98 -98 
* * 500000 100000 100000
+4 * 100000 100000
+4 * 100000 0 100000 0 0 2985 0 0 2975
+4 * 100000
+4 * 100000
+4 * 100000
+4 * 100000
+16 * 100000
+4 * 100000 200000
+4 * 100000 200000
+4 * 100000

fn=(68) std::__new_allocator<int>::max_size() const
0x34e4 167 16000 0 32000 1 0 1 1 0 1
+4 * 16000
+4 * 16000 0 16000
+4 +1 16000 16000
+4 * 16000
cfn=(70) std::__new_allocator<int>::_M_max_size() const
calls=16000 0x33b0 +42 
* * 80000 0 16000 1000 0 0 1
+4 * 16000 32000
+4 * 16000

fn=(202) void std::__new_allocator<double>::construct<double, double const&>(double*, double const&)
0x2460 173 1000 0 2000
+4 * 1000
+4 * 1000 0 2000
+4 * 1000 0 1000
+4 * 1000 0 1000
+4 * 1000 0 1000
+4 +2 1000 1000
+4 * 1000
+4 * 1000 0 0 990 0 0 1
+4 * 1000
cfi=(18)
cfn=(94)
calls=1000 0x162c * 
* * 6000 1000 2000
+4 * 1000
+4 * 1000 1000
+4 * 1000
cfi=(13)
cfn=(198)
calls=1000 -68 -98 
* * 5000 1000 1000
+4 * 1000 1000
+4 * 1000 0 1000 0 0 137 0 0 121
+4 * 1000
+4 * 1000
+4 * 1000
+4 * 1000
+16 * 1000
+4 * 1000 2000
+4 * 1000 2000
+4 * 1000

fn=(70)
0x33b0 210 24000
+4 * 24000 0 24000
+4 +3 24000
+4 +4 24000
+4 * 24000 0 0 1000 0 0 1

fn=(196) std::__new_allocator<double>::allocate(unsigned long, void const*)
fi=(16) /opt/lab2-sysroot/usr/include/c++/12/bits/alloc_traits.h
0x2c70 464 11 22
+4 * 11
fe=(8)
0x2f48 112 11 0 22
+4 * 11
+4 * 11 0 11
+4 * 11 0 11
+4 * 11 0 11
+4 +8 11 11
+4 * 11
cfn=(182)
calls=11 0x32c4 +90 
* * 55 0 11
+4 * 11
+4 * 11 11
+4 * 11
+4 * 11
+4 * 11
+4 * 11
+4 * 11
+4 * 11 0 0 1 0 0 1
+4 * 11
+4 * 11
+4 * 11
+4 * 11
+28 +17 11 11
+4 * 11
+4 * 11
cob=(5) /usr/lib/aarch64-linux-gnu/libstdc++.so.6.0.30
cfi=(3) ???
cfn=(6) operator new(unsigned long)
calls=11 0xa2c90 0 
* * 1429 388 214 58 8 5 0 5 5
* * 44 11

fn=(88) std::__new_allocator<int>::allocate(unsigned long, void const*)
fi=(16)
0x2da0 464 8000 16000
+4 * 8000
fe=(8)
0x3118 112 8000 0 16000
+4 * 8000
+4 * 8000 0 8000
+4 * 8000 0 8000
+4 * 8000 0 8000
+4 +8 8000 8000
+4 * 8000
cfn=(70)
calls=8000 0x33b0 +90 
* * 40000 0 8000
+4 * 8000
+4 * 8000 8000
+4 * 8000
+4 * 8000 0 0 1 0 0 1
+4 * 8000
+4 * 8000
+4 * 8000
+4 * 8000
+4 * 8000
+4 * 8000
+4 * 8000
+4 * 8000
+28 +17 8000 8000
+4 * 8000 0 0 1 0 0 1
+4 * 8000
cob=(5)
cfi=(3)
cfn=(7) operator new(unsigned long)'2
calls=8000 0xa2c90 0 
* * 855075 244775 138640 10058 58 1496 44 12 1484
* * 32000 8000

fn=(122) std::__new_allocator<int>::deallocate(int*, unsigned long)
fi=(16)
0x1f8c 496 7000
+4 * 7000 14000
+4 * 7000
fe=(8)
0x27c4 142 7000 0 14000
+4 * 7000
+4 * 7000 0 7000
+4 * 7000 0 7000
+4 * 7000 0 7000
+4 +16 7000 7000
+4 * 7000
cob=(5)
cfi=(3)
cfn=(126) operator delete(void*)
calls=7000 0xa0ca0 0 
* * 840709 287244 161108 2035 68 12 56 67 12
* * 28000 7000

fn=(26) std::__new_allocator<int>::__new_allocator()
0x1f54 80 1000 0 0 1 0 0 1
+4 * 1000 0 1000
+4 * 1000
+4 * 1000
+4 * 1000

fn=(182)
0x32c4 210 33 0 0 11
+4 * 33 0 33
+4 +3 33
+4 +4 33
+4 * 33

fn=(232) std::__new_allocator<double>::deallocate(double*, unsigned long)
fi=(16)
0x2418 496 10
+4 * 10 20
+4 * 10
fe=(8)
0x2b90 142 10 0 20 1 0 0 1
+4 * 10
+4 * 10 0 10
+4 * 10 0 10
+4 * 10 0 10
+4 +16 10 10
+4 * 10
cob=(5)
cfi=(3)
cfn=(126)
calls=10 0xa0ca0 0 
* * 1292 430 242 8 8 0 6 3
* * 40 10

fl=(7) /opt/lab2-sysroot/usr/include/c++/12/bits/allocator.h
fn=(24) std::allocator<int>::allocator()
0x190c 156 1000 0 2000 1 0 0 1
+4 * 1000
+4 * 1000 0 1000
+4 * 1000 1000
+4 * 1000
cfi=(8)
cfn=(26)
calls=1000 0x1f54 -76 
* * 5000 0 1000 1 0 0 1
+4 * 1000
+4 * 1000 2000
+4 * 1000

fl=(6)
fn=(58) std::vector<int, std::allocator<int> >::_M_check_len(unsigned long, char const*) const
fi=(14) /opt/lab2-sysroot/usr/include/c++/12/bits/vector.tcc
0x2108 449 1000 0 1000
+4 +1 1000 1000
+4 * 1000 1000
+4 * 1000 0 1000
+4 +1 1000 1000
+4 * 1000 1000
+4 * 1000 0 1000
+4 +1 1000 1000
+4 * 1000
cfi=(6)
cfn=(78) std::vector<int, std::allocator<int> >::begin()
calls=1000 0x29b0 868 
* * 35000 12000 7000 2 0 0 2
+4 * 1000 0 1000
+4 * 1000
+4 * 1000
+4 * 1000
cfi=(15)
cfn=(80)
calls=1000 0x2a18 1330 
* * 26000 9000 7000 2 0 0 2
+4 * 1000 0 1000
+4 +1 1000 1000 0 1 0 0 1
+4 * 1000 1000
+4 * 1000
cfi=(6)
cfn=(84) std::_Vector_base<int, std::allocator<int> >::_M_allocate(unsigned long)
calls=1000 0x2a58 -78 
* * 527294 166064 134028 2065 2 2 21 0 2
fe=(6)
0x287c 1891 8000
+4 * 8000 0 16000 1 0 0 1
+4 * 8000
+4 * 8000 0 8000
+4 * 8000 0 8000 0 0 1 0 0 1
+4 * 8000 0 8000
+4 * 8000 0 8000
+4 * 8000
+4 * 8000 8000
+4 * 8000 8000
+4 * 8000 0 8000
+4 * 8000
+4 +2 8000 8000
+4 * 8000
cfn=(60) std::vector<int, std::allocator<int> >::max_size() const
calls=8000 0x2d60 993 
* * 592000 192000 152000 2995 0 3 9 0 3
+4 * 8000
+4 * 8000 8000
+4 * 8000
cfn=(74) std::vector<int, std::allocator<int> >::size() const
calls=8000 0x1754 987 
* * 80000 32000 8000
+4 * 8000 0 0 1 0 0 1
+4 * 8000 8000
+4 * 8000
+4 * 8000
+4 * 8000
+4 * 8000
+4 * 8000
+4 * 8000
+44 +3 8000 8000 0 1 0 0 1
+4 * 8000
cfn=(74)
calls=8000 0x1754 987 
* * 80000 32000 8000
+4 * 8000
+4 * 8000 8000
+4 * 8000
cfn=(74)
calls=8000 0x1754 987 
* * 80000 32000 8000
+4 * 8000 0 8000
+4 * 8000
+4 * 8000
+4 * 8000
cfi=(17)
cfn=(76) unsigned long const& std::max<unsigned long>(unsigned long const&, unsigned long const&)
calls=8000 0x2c18 254 
* * 210000 80000 37000 4 0 0 4
+4 * 7000 7000
+4 * 7000
+4 * 7000 0 7000
+4 +1 7000 7000
+4 * 7000
cfn=(74)
calls=7000 0x1754 987 
* * 70000 28000 7000
+4 * 7000
+4 * 7000 7000
+4 * 7000
+4 * 7000
+4 * 7000 7000
+4 * 7000
cfn=(60)
calls=7000 0x2d60 993 
* * 518000 168000 133000
+4 * 7000
+4 * 7000 7000
+4 * 7000
+4 * 7000
+16 * 7000 7000
+4 * 7000
+4 +1 7000
+4 * 7000 7000
+4 * 7000 7000
+4 * 7000 7000
+4 * 7000
+4 * 7000
+4 * 7000
+8 * 7000
+4 * 7000 14000
+4 * 7000 7000
+4 * 7000
+4 * 7000

fn=(78)
0x29b0 868 8000
+4 * 8000 0 16000
+4 * 8000
+4 * 8000 0 8000
+4 * 8000 0 0 1 0 0 1
+4 * 8000 8000
+4 * 8000 8000
+4 * 8000 0 8000
+4 * 8000
+4 +1 8000 8000
+4 * 8000
+4 * 8000
cfi=(15)
cfn=(52)
calls=8000 0x2854 1072 
* * 80000 24000 24000
+4 * 8000 8000
+4 * 8000
+4 * 8000
+4 * 8000 8000
+4 * 8000 8000
+4 * 8000 8000
+4 * 8000
+4 * 8000
+4 * 8000 0 0 1 0 0 1
+8 * 8000
+4 * 8000 16000
+4 * 8000
+4 * 8000

fn=(28) std::_Vector_base<int, std::allocator<int> >::_Vector_impl_data::_Vector_impl_data()
0x192c 99 1000
+4 * 1000 0 1000
+4 +1 1000 1000
+4 * 1000 0 1000
+4 * 1000 1000
+4 * 1000 0 1000 1 0 0 1
+4 * 1000 1000
+4 * 1000 0 1000
+4 +1 1000
+4 * 1000
+4 * 1000

fn=(104) std::vector<int, std::allocator<int> >::_S_do_relocate(int*, int*, int*, std::allocator<int>&, std::integral_constant<bool, true>)
0x2abc 509 7000 14000
+4 * 7000
0x2da8 -22 16000 0 32000
+4 * 16000
+4 * 16000 0 16000
+4 * 16000 0 16000
+4 * 16000 0 16000
+4 * 16000 0 16000
+4 * 16000 0 16000 1 0 0 1
+4 +3 16000 16000
+4 * 16000 16000
+4 * 16000 16000
+4 * 16000 16000
+4 * 16000
cfi=(19)
cfn=(106)
calls=16000 0x3190 1127 
* * 1147000 367000 325000 7034 0 3216 10 0 3216
+4 +1 9000 18000
+4 * 9000

fn=(50) std::vector<int, std::allocator<int> >::end()
0x1fe4 888 8000 0 0 1 0 0 1
+4 * 8000 0 16000
+4 * 8000
+4 * 8000 0 8000
+4 * 8000
+4 * 8000 8000
+4 * 8000 8000
+4 * 8000 0 8000 1 0 0 1
+4 * 8000
+4 +1 8000 8000
+4 * 8000
+4 * 8000
+4 * 8000
cfi=(15)
cfn=(52)
calls=8000 0x2854 1072 
* * 80000 24000 24000 1 0 0 1
+4 * 8000 8000
+4 * 8000
+4 * 8000
+4 * 8000 8000
+4 * 8000 8000
+4 * 8000 8000
+4 * 8000
+4 * 8000
+4 * 8000
+8 * 8000 0 0 1 0 0 1
+4 * 8000 16000
+4 * 8000
+4 * 8000

fn=(62) std::_Vector_base<int, std::allocator<int> >::_M_get_Tp_allocator() const
0x3104 303 16000 0 0 2 0 0 1
+4 * 16000 0 16000
+4 +1 16000 16000
+4 * 16000
+4 * 16000

fn=(64) std::vector<int, std::allocator<int> >::_S_max_size(std::allocator<int> const&)
0x3088 1911 16000 0 0 1 0 0 1
+4 * 16000 0 32000
+4 * 16000
+4 * 16000 0 16000 0 0 1 0 0 1
+4 * 16000
+4 * 16000 16000
+4 * 16000 16000
+4 * 16000 0 16000
+4 * 16000
+4 +5 16000
+4 * 16000 0 16000
+4 +2 16000 16000
+4 * 16000
cfi=(16)
cfn=(66) std::allocator_traits<std::allocator<int> >::max_size(std::allocator<int> const&)
calls=16000 0x3394 547 
* * 304000 96000 112000 1002 0 1 3 0 1
+4 * 16000 0 16000
+4 +1 16000 0 0 1 0 0 1
+4 * 16000
+4 * 16000
cfi=(17)
cfn=(72) unsigned long const& std::min<unsigned long>(unsigned long const&, unsigned long const&)
calls=16000 0x328c 230 
* * 192000 80000 32000 1988 0 0 2
+4 * 16000 16000
+4 * 16000
+4 +1 16000
+4 * 16000 16000
+4 * 16000 16000
+4 * 16000 16000
+4 * 16000
+4 * 16000
+4 * 16000
+8 * 16000
+4 * 16000 32000
+4 * 16000
+4 * 16000

fn=(100) std::_Vector_base<int, std::allocator<int> >::_M_get_Tp_allocator()
0x2ad8 298 16000
+4 * 16000 0 16000
+4 +1 16000 16000
+4 * 16000
+4 * 16000

fn=(164) std::vector<double, std::allocator<double> >::end()
0x1b58 888 11 0 0 1 0 0 1
+4 * 11 0 22
+4 * 11
+4 * 11 0 11
+4 * 11
+4 * 11 11
+4 * 11 11
+4 * 11 0 11
+4 * 11
+4 +1 11 11
+4 * 11 0 0 1 0 0 1
+4 * 11
+4 * 11
cfi=(15)
cfn=(166)
calls=11 0x24c8 1072 
* * 110 33 33 1 0 0 1
+4 * 11 11
+4 * 11
+4 * 11
+4 * 11 11
+4 * 11 11
+4 * 11 11
+4 * 11
+4 * 11
+4 * 11
+8 * 11
+4 * 11 22
+4 * 11
+4 * 11 0 0 1 0 0 1

fn=(162) std::vector<double, std::allocator<double> >::push_back(double const&)
fi=(1) /workspaces/LAB2_RTS/src/sensor_data_processing.cpp
cfi=(1)
cfn=(3) generate_sensor_data()'2
calls=1 0x11fc 15 
0x1470 48 34600980 10693947 7194355 43220 184 7944 48 16 7906
fi=(1)
0x1470 48 10 2 2 1
fe=(6)
0x188c 1276 1 0 2 1 0 0 1
+4 * 1
+4 * 1 0 1
+4 * 1 0 1
+4 +2 1 1
+4 * 1 1
+4 * 1 1
+4 * 1 1 0 0 1 0 0 1
+4 * 1
+4 * 1
+56 +9 1 1 0 1 0 0 1
+4 * 1
cfn=(164)
calls=1 0x1b58 888 
* * 36 12 7 4 0 0 4
+4 * 1 1
+4 * 1
+4 * 1 1
+4 * 1
cfi=(14)
cfn=(168) void std::vector<double, std::allocator<double> >::_M_realloc_insert<double const&>(__gnu_cxx::__normal_iterator<double*, std::vector<double, std::allocator<double> > >, double const&)
calls=1 0x1c38 439 
* * 889 287 214 44 0 0 38

fn=(163) std::vector<double, std::allocator<double> >::push_back(double const&)'2
fi=(1)
cfi=(1)
cfn=(3)
calls=998 0x11fc 15 
0x1470 48 17260799971 5334723071 3588868032 21466270 72931 3951505 9369 3253 3933283
fi=(1)
0x1470 48 10002 1998 2004 1 0 1 1 0 1
fe=(6)
0x188c 1276 999 0 1998
+4 * 999
+4 * 999 0 999
+4 * 999 0 999
+4 +2 999 999
+4 * 999 999
+4 * 999 999
+4 * 999 999
+4 * 999
+4 * 999
+4 +3 989 989
+4 * 989 989
+4 * 989 989
+4 * 989 989
+4 * 989
+4 * 989
+4 * 989
cfi=(16)
cfn=(200) void std::allocator_traits<std::allocator<double> >::construct<double, double const&>(std::allocator<double>&, double*, double const&)
calls=989 0x1b20 511 
* * 52417 14835 16813 1968 0 132 0 0 116
+4 +2 989 989
+4 * 989 989
+4 * 989
+4 * 989 989
+4 * 989 0 989
+4 +5 989
cfn=(163)
calls=989 +28 * 
* * 2967 1978
+4 -1 10 10
+4 * 10
cfn=(164)
calls=10 0x1b58 888 
* * 360 120 70
+4 * 10 10
+4 * 10
+4 * 10 10
+4 * 10
cfi=(14)
cfn=(168)
calls=10 0x1c38 439 
* * 12309 4094 3061 181 127 131 8 8 131
+4 +1 989
+4 * 989 1978
+4 * 989

fn=(184) std::vector<double, std::allocator<double> >::size() const
0x2bf0 987 44
+4 * 44 0 44
+4 +1 44 44
+4 * 44 44
+4 * 44 44
+4 * 44 44
+4 * 44
+4 * 44
+4 * 44
+4 * 44

fn=(60)
0x2d60 993 16000 0 32000 1 0 1 1 0 1
+4 * 16000
+4 * 16000 0 16000
+4 +1 16000 16000
+4 * 16000
cfn=(62)
calls=16000 0x3104 303 
* * 80000 16000 16000 2 0 0 1
+4 * 16000
cfn=(64)
calls=16000 0x3088 1911 
* * 976000 320000 240000 2992 0 2 7 0 2
+4 * 16000 32000
+4 * 16000

fn=(170) std::vector<double, std::allocator<double> >::_M_check_len(unsigned long, char const*) const
fi=(14)
0x1c7c 449 1 0 1
+4 +1 1 1 0 1 0 0 1
+4 * 1 1
+4 * 1 0 1
+4 +1 1 1
+4 * 1 1
+4 * 1 0 1
+4 +1 1 1
+4 * 1
cfi=(6)
cfn=(186) std::vector<double, std::allocator<double> >::begin()
calls=1 0x2624 868 
* * 35 12 7 2 0 0 2
+4 * 1 0 1
+4 * 1
+4 * 1
+4 * 1
cfi=(15)
cfn=(188)
calls=1 0x268c 1330 
* * 26 9 7 3 0 0 3
+4 * 1 0 1
+4 +1 1 1
+4 * 1 1
+4 * 1
cfi=(6)
cfn=(192) std::_Vector_base<double, std::allocator<double> >::_M_allocate(unsigned long)
calls=1 0x26cc -78 
* * 527 166 134 22 0 0 18
fe=(6)
0x24f0 1891 11
+4 * 11 0 22
+4 * 11
+4 * 11 0 11
+4 * 11 0 11 1 0 0 1
+4 * 11 0 11
+4 * 11 0 11
+4 * 11
+4 * 11 11
+4 * 11 11
+4 * 11 0 11
+4 * 11
+4 +2 11 11
+4 * 11
cfn=(172) std::vector<double, std::allocator<double> >::max_size() const
calls=11 0x2bd0 993 
* * 814 264 209 49 0 0 7
+4 * 11
+4 * 11 11
+4 * 11
cfn=(184)
calls=11 0x2bf0 987 
* * 110 44 11
+4 * 11
+4 * 11 11
+4 * 11
+4 * 11 0 0 1 0 0 1
+4 * 11
+4 * 11
+4 * 11
+4 * 11
+44 +3 11 11
+4 * 11 0 0 1 0 0 1
cfn=(184)
calls=11 0x2bf0 987 
* * 110 44 11
+4 * 11
+4 * 11 11
+4 * 11
cfn=(184)
calls=11 0x2bf0 987 
* * 110 44 11
+4 * 11 0 11
+4 * 11
+4 * 11
+4 * 11
cfi=(17)
cfn=(76)
calls=11 0x2c18 254 
* * 246 95 43 2 0 0 2
+4 * 10 10
+4 * 10
+4 * 10 0 10
+4 +1 10 10
+4 * 10
cfn=(184)
calls=10 0x2bf0 987 
* * 100 40 10
+4 * 10
+4 * 10 10
+4 * 10
+4 * 10
+4 * 10 10
+4 * 10
cfn=(172)
calls=10 0x2bd0 993 
* * 740 240 190
+4 * 10
+4 * 10 10
+4 * 10
+4 * 10
+16 * 10 10
+4 * 10
+4 +1 10
+4 * 10 10
+4 * 10 10
+4 * 10 10
+4 * 10
+4 * 10
+4 * 10
+8 * 10
+4 * 10 20
+4 * 10 10
+4 * 10
+4 * 10

fn=(74)
0x1754 987 134000
+4 * 134000 0 134000
+4 +1 134000 134000
+4 * 134000 134000
+4 * 134000 134000
+4 * 134000 134000
+4 * 134000
+4 * 134000
+4 * 134000
+4 * 134000

fn=(84)
fi=(14)
0x214c 453 8000 0 8000
+4 +1 8000 8000
+4 * 8000 0 8000
+4 +8 8000 8000
+4 +1 8000 8000
+4 * 8000
+4 -1 8000 8000
+4 * 8000
+4 * 8000 8000
+4 * 8000
cfi=(13)
cfn=(54)
calls=8000 0x1f98 77 
* * 40000 8000 8000
+4 * 8000
+4 * 8000
+4 * 8000
+4 * 8000 0 0 1 0 0 1
cfi=(16)
cfn=(90) void std::allocator_traits<std::allocator<int> >::construct<int, int>(std::allocator<int>&, int*, int&&)
calls=8000 0x1fac +49 
* * 424000 120000 136000 3 0 999 3 0 994
+4 +7 8000 0 8000
+4 +3 8000
cfi=(6)
cfn=(96) std::vector<int, std::allocator<int> >::_S_use_relocate()
calls=8000 0x2050 +6 
* * 224000 56000 32000 1 0 0 1
+4 * 8000
+4 * 8000
+4 * 8000
+4 * 8000
+4 +2 8000
+4 * 8000
cfi=(15)
cfn=(82)
calls=8000 0x2ac4 1158 
* * 40000 8000 8000
+4 * 8000 8000
+4 +1 8000 8000
+4 * 8000
cfi=(6)
cfn=(100)
calls=8000 0x2ad8 298 
* * 40000 8000 8000
+4 -1 8000
+4 * 8000 8000
+4 * 8000
+4 * 8000 8000
+4 * 8000 0 0 7 0 0 1
cfi=(6)
cfn=(102) std::vector<int, std::allocator<int> >::_S_relocate(int*, int*, int*, std::allocator<int>&)
calls=8000 0x2a90 +25 
* * 3251709 1124244 852108 12107 68 3228 67 67 3228
+4 * 1000 0 1000
+4 +3 1000 1000
+4 * 1000
+4 * 1000 0 1000
+4 +2 1000
+4 * 1000
cfi=(15)
cfn=(82)
calls=1000 0x2ac4 1158 
* * 5000 1000 1000
+4 * 1000 1000
+4 +1 1000 1000
+4 * 1000
cfi=(6)
cfn=(100)
calls=1000 0x2ad8 298 
* * 5000 1000 1000
+4 -1 1000
+4 * 1000 1000
+4 * 1000 1000
+4 * 1000
+4 * 1000
cfi=(6)
cfn=(102)
calls=1000 0x2a90 +20 
* * 85000 30000 31000
+4 * 1000 0 1000
+4 * 1000 0 0 7 0 0 1
cfn=(57) void std::vector<int, std::allocator<int> >::_M_realloc_insert<int>(__gnu_cxx::__normal_iterator<int*, std::vector<int, std::allocator<int> > >, int&&)'2
calls=1000 0x2268 +30 
* * 80000 29000 12000 1025 0 0 5
fe=(6)
0x2a58 375 8000 0 16000
+4 * 8000
+4 * 8000 0 8000
+4 * 8000 0 8000
+4 +3 8000 8000
+4 * 8000
+4 * 8000
+4 * 8000 8000
+4 * 8000 8000
+4 * 8000
cfi=(16)
cfn=(86) std::allocator_traits<std::allocator<int> >::allocate(std::allocator<int>&, unsigned long)
calls=8000 0x2d80 +85 
* * 1207075 324775 218640 10062 58 1496 48 12 1484

fn=(85) std::_Vector_base<int, std::allocator<int> >::_M_allocate(unsigned long)'2
0x2a88 379 8000 16000
+4 * 8000

fn=(174) std::_Vector_base<double, std::allocator<double> >::_M_get_Tp_allocator() const
0x2f34 303 22 0 0 1 0 0 1
+4 * 22 0 22
+4 +1 22 22
+4 * 22 0 0 1 0 0 1
+4 * 22

fn=(176) std::vector<double, std::allocator<double> >::_S_max_size(std::allocator<double> const&)
0x2eb8 1911 22 0 0 1 0 0 1
+4 * 22 0 44
+4 * 22 0 0 1 0 0 1
+4 * 22 0 22
+4 * 22
+4 * 22 22
+4 * 22 22
+4 * 22 0 22
+4 * 22
+4 +5 22
+4 * 22 0 22
+4 +2 22 22
+4 * 22
cfi=(16)
cfn=(178) std::allocator_traits<std::allocator<double> >::max_size(std::allocator<double> const&)
calls=22 0x3270 547 
* * 418 132 154 44 0 0 2
+4 * 22 0 22
+4 +1 22
+4 * 22
+4 * 22
cfi=(17)
cfn=(72)
calls=22 0x328c 230 
* * 264 110 44
+4 * 22 22
+4 * 22
+4 +1 22
+4 * 22 22
+4 * 22 22
+4 * 22 22
+4 * 22
+4 * 22
+4 * 22
+8 * 22
+4 * 22 44
+4 * 22
+4 * 22

fn=(210) std::vector<double, std::allocator<double> >::_S_relocate(double*, double*, double*, std::allocator<double>&)
fi=(14)
0x1d38 474 10 0 10
+4 +3 10 10
+4 * 10
+4 * 10 0 10
+4 +2 10
+4 * 10
cfi=(15)
cfn=(190)
calls=10 0x2738 1158 
* * 50 10 10
+4 * 10 10
+4 +1 10 10
+4 * 10
cfi=(6)
cfn=(208) std::_Vector_base<double, std::allocator<double> >::_M_get_Tp_allocator()
calls=10 0x1ae0 298 
* * 50 10 10
+4 -1 10
+4 * 10 10
+4 * 10 10
+4 * 10
+4 * 10
cfi=(6)
cfn=(211) std::vector<double, std::allocator<double> >::_S_relocate(double*, double*, double*, std::allocator<double>&)'2
calls=10 0x2704 +20 
* * 850 300 310
+4 * 10 0 10
+4 * 10
cfn=(169) void std::vector<double, std::allocator<double> >::_M_realloc_insert<double const&>(__gnu_cxx::__normal_iterator<double*, std::vector<double, std::allocator<double> > >, double const&)'2
calls=10 0x1ddc +30 
* * 2362 820 462 21 8 0 8 3
fe=(6)
0x2704 +20 12 0 24
+4 * 12
+4 * 12 0 12
+4 * 12 0 12
+4 * 12 0 12
+4 * 12 0 12
+4 +8 12 12
+4 * 12 12
+4 * 12 12
+4 * 12 12
+4 * 12
cfn=(212) std::vector<double, std::allocator<double> >::_S_do_relocate(double*, double*, double*, std::allocator<double>&, std::integral_constant<bool, true>)
calls=12 0x2c78 -20 
* * 2103 867 819 41 111 121 5 0 121
+4 +2 2 4
+4 * 2

fn=(211)
0x2704 499 10 0 20
+4 * 10
+4 * 10 0 10
+4 * 10 0 10
+4 * 10 0 10
+4 * 10 0 10
+4 +8 10 10
+4 * 10 10
+4 * 10 10
+4 * 10 10
+4 * 10
cfn=(212)
calls=10 0x2c78 -20 
* * 720 240 250
+4 +2 10 20
+4 * 10

fn=(186)
0x2624 868 11
+4 * 11 0 22
+4 * 11
+4 * 11 0 11
+4 * 11
+4 * 11 11
+4 * 11 11
+4 * 11 0 11 1 0 0 1
+4 * 11
+4 +1 11 11
+4 * 11
+4 * 11
cfi=(15)
cfn=(166)
calls=11 0x24c8 1072 
* * 110 33 33
+4 * 11 11
+4 * 11
+4 * 11
+4 * 11 11
+4 * 11 11
+4 * 11 11
+4 * 11
+4 * 11
+4 * 11
+8 * 11
+4 * 11 22 0 1 0 0 1
+4 * 11
+4 * 11

fn=(212)
0x2730 509 10 20
+4 * 10
0x2c78 -22 22 0 44
+4 * 22
+4 * 22 0 22 11 0 0 1
+4 * 22 0 22
+4 * 22 0 22
+4 * 22 0 22
+4 * 22 0 22
+4 +3 22 22
+4 * 22 22
+4 * 22 22
+4 * 22 22
+4 * 22
cfi=(19)
cfn=(214)
calls=22 0x2fc0 1127 
* * 2515 975 915 30 111 121 4 0 121
+4 +1 12 24
+4 * 12

fn=(18) std::vector<int, std::allocator<int> >::vector()
0x167c 526 1000 0 2000 1 0 0 1
+4 * 1000 0 0 1 0 0 1
+4 * 1000 0 1000
+4 * 1000 1000
+4 * 1000
cfn=(20) std::_Vector_base<int, std::allocator<int> >::_Vector_base()
calls=1000 -48 312 
* * 42000 13000 14000 5 0 0 5
+4 * 1000
+4 * 1000 2000
+4 * 1000

fn=(96)
0x2050 478 16000
+4 * 16000 0 32000
+4 * 16000
+4 * 16000
+4 * 16000 16000
+4 * 16000 16000
+4 * 16000 0 16000
+4 * 16000
+4 +5 16000
+4 * 16000
cfn=(98) std::vector<int, std::allocator<int> >::_S_nothrow_relocate(std::integral_constant<bool, true>)
calls=16000 +60 -18 
* * 80000 0 16000 1 0 0 1
+4 * 16000
+4 * 16000
+4 +1 16000
+4 * 16000 16000
+4 * 16000 16000
+4 * 16000 16000
+4 * 16000
+4 * 16000
+4 * 16000
+8 * 16000
+4 * 16000 32000
+4 * 16000
+4 * 16000

fn=(112) std::_Vector_base<int, std::allocator<int> >::_M_deallocate(int*, unsigned long)
0x1958 383 8000 0 16000
+4 * 8000
+4 * 8000 0 8000
+4 * 8000 0 8000
+4 * 8000 0 8000
+4 +3 8000 8000
+4 * 8000
+4 * 8000
+4 +1 7000 7000
+4 * 7000 7000
+4 * 7000 7000
+4 * 7000
cfi=(16)
cfn=(120) std::allocator_traits<std::allocator<int> >::deallocate(std::allocator<int>&, int*, unsigned long)
calls=7000 0x1f68 495 
* * 1022709 350244 231108 2035 68 12 56 67 12
+4 +1 1000
+4 * 1000 2000
+4 * 1000
fi=(14)
0x22c4 515 7000 7000
+4 * 7000 7000
+4 * 7000 0 7000
+4 +1 7000 7000
+4 * 7000 7000
+4 * 7000 0 7000
+4 +1 7000 7000
+4 * 7000
+4 * 7000 7000
+4 * 7000
+4 * 7000 7000
+4 * 7000 0 7000
+4 +1 7000
+4 * 7000
+4 * 7000 7000
+4 * 7000 7000
+4 * 7000 7000
+4 * 7000
+4 * 7000
+4 * 7000
0x23d0 * 7000 14000 0 4
+4 * 7000 14000
+4 * 7000
+4 * 7000
fe=(6)

fn=(172)
0x2bd0 993 22 0 44 1 0 0 1
+4 * 22
+4 * 22 0 22
+4 +1 22 22
+4 * 22
cfn=(174)
calls=22 0x2f34 303 
* * 110 22 22 2 0 0 2
+4 * 22
cfn=(176)
calls=22 0x2eb8 1911 
* * 1342 440 330 46 0 0 4
+4 * 22 44
+4 * 22

fn=(22) std::_Vector_base<int, std::allocator<int> >::_Vector_impl::_Vector_impl()
0x16fc 137 1000 0 2000 1 0 0 1
+4 * 1000 0 0 1 0 0 1
+4 * 1000 0 1000
+4 +2 1000 1000
+4 * 1000
cfi=(7)
cfn=(24)
calls=1000 0x190c +17 
* * 13000 3000 4000 2 0 0 2
+4 * 1000 1000
+4 * 1000
cfn=(28)
calls=1000 0x192c -40 
* * 11000 3000 4000 1 0 0 1
+4 +1 1000
+4 * 1000 2000
+4 * 1000

fn=(192)
fi=(14)
0x1cc0 453 11 0 11 1 0 0 1
+4 +1 11 11
+4 * 11 0 11
+4 +8 11 11
+4 +1 11 11
+4 * 11
+4 -1 11 11
+4 * 11
+4 * 11 11
+4 * 11
cfi=(13)
cfn=(198)
calls=11 0x244c 77 
* * 55 11 11 11 0 0 1
+4 * 11
+4 * 11
+4 * 11
+4 * 11
cfi=(16)
cfn=(200)
calls=11 0x1b20 +49 
* * 583 165 187 12 0 5 2 0 5
+4 +7 11 0 11
+4 +3 11
cfi=(6)
cfn=(204) std::vector<double, std::allocator<double> >::_S_use_relocate()
calls=11 0x1bc4 +6 
* * 308 77 44
+4 * 11 0 0 1 0 0 1
+4 * 11
+4 * 11
+4 * 11
+4 +2 11
+4 * 11
cfi=(15)
cfn=(190)
calls=11 0x2738 1158 
* * 55 11 11
+4 * 11 11
+4 +1 11 11
+4 * 11
cfi=(6)
cfn=(208)
calls=11 0x1ae0 298 
* * 55 11 11 1 0 0 1
+4 -1 11
+4 * 11 11
+4 * 11
+4 * 11 11
+4 * 11
cfi=(6)
cfn=(210)
calls=11 0x2704 +25 
* * 5626 2079 1682 62 119 121 13 3 121
+4 * 1 0 1
+4 +3 1 1
+4 * 1 0 0 1 0 0 1
+4 * 1 0 1
+4 +2 1
+4 * 1
cfi=(15)
cfn=(190)
calls=1 0x2738 1158 
* * 5 1 1
+4 * 1 1
+4 +1 1 1
+4 * 1
cfi=(6)
cfn=(208)
calls=1 0x1ae0 298 
* * 5 1 1
+4 -1 1
+4 * 1 1
+4 * 1 1
+4 * 1
+4 * 1
cfi=(6)
cfn=(210)
calls=1 0x2704 +20 
* * 85 30 31
+4 * 1 0 1
+4 * 1
cfn=(169)
calls=1 0x1ddc +30 
* * 80 29 12 5 0 0 5
fe=(6)
0x26cc 375 11 0 22
+4 * 11
+4 * 11 0 11
+4 * 11 0 11
+4 +3 11 11
+4 * 11
+4 * 11
+4 * 11 11
+4 * 11 11
+4 * 11
cfi=(16)
cfn=(194) std::allocator_traits<std::allocator<double> >::allocate(std::allocator<double>&, unsigned long)
calls=11 0x2c50 +85 
* * 1913 498 324 59 8 5 1 5 5

fn=(193) std::_Vector_base<double, std::allocator<double> >::_M_allocate(unsigned long)'2
0x26fc 379 11 22
+4 * 11

fn=(20)
0x165c 312 1000 0 2000
+4 * 1000
+4 * 1000 0 1000
+4 * 1000 1000
+4 * 1000
cfn=(22)
calls=1000 0x16fc 137 
* * 34000 10000 11000 5 0 0 5
+4 * 1000
+4 * 1000 2000
+4 * 1000

fn=(98)
0x20b0 465 16000 0 0 1 0 0 1
+4 * 16000 0 16000
+4 +5 16000
+4 +1 16000
+4 * 16000

fn=(206) std::vector<double, std::allocator<double> >::_S_nothrow_relocate(std::integral_constant<bool, true>)
0x1c24 465 22
+4 * 22 0 22
+4 +5 22
+4 +1 22
+4 * 22

fn=(102)
fi=(14)
0x21c4 474 7000 0 7000
+4 +3 7000 7000
+4 * 7000
+4 * 7000 0 7000
+4 +2 7000
+4 * 7000
cfi=(15)
cfn=(82)
calls=7000 0x2ac4 1158 
* * 35000 7000 7000
+4 * 7000 7000
+4 +1 7000 7000
+4 * 7000
cfi=(6)
cfn=(100)
calls=7000 0x2ad8 298 
* * 35000 7000 7000
+4 -1 7000
+4 * 7000 7000
+4 * 7000 7000
+4 * 7000
+4 * 7000
cfi=(6)
cfn=(103) std::vector<int, std::allocator<int> >::_S_relocate(int*, int*, int*, std::allocator<int>&)'2
calls=7000 0x2a90 +20 
* * 595000 210000 217000
+4 * 7000 0 7000
+4 * 7000 0 0 990
cfn=(57)
calls=7000 0x2268 +30 
* * 1589709 560244 315108 4082 68 12 56 67 12
fe=(6)
0x2a90 +20 9000 0 18000
+4 * 9000
+4 * 9000 0 9000
+4 * 9000 0 9000
+4 * 9000 0 9000
+4 * 9000 0 9000
+4 +8 9000 9000
+4 * 9000 9000
+4 * 9000 9000
+4 * 9000 9000
+4 * 9000
cfn=(104)
calls=9000 0x2da8 -20 
* * 867000 295000 262000 7035 0 3216 11 0 3216
+4 +2 2000 4000
+4 * 2000

fn=(103)
0x2a90 499 7000 0 14000
+4 * 7000
+4 * 7000 0 7000
+4 * 7000 0 7000
+4 * 7000 0 7000
+4 * 7000 0 7000
+4 +8 7000 7000
+4 * 7000 7000
+4 * 7000 7000
+4 * 7000 7000
+4 * 7000
cfn=(104)
calls=7000 0x2da8 -20 
* * 504000 168000 175000
+4 +2 7000 14000
+4 * 7000

fn=(160) std::vector<int, std::allocator<int> >::operator[](unsigned long)
0x177c 1121 100000
+4 * 100000 0 100000 1 0 0 1
+4 * 100000 0 100000
+4 +3 100000 100000
+4 * 100000 100000
+4 * 100000 100000
+4 * 100000
+4 * 100000
+4 +1 100000
+4 * 100000

fn=(204)
0x1bc4 478 22
+4 * 22 0 44
+4 * 22
+4 * 22
+4 * 22 22
+4 * 22 22
+4 * 22 0 22
+4 * 22
+4 +5 22
+4 * 22
cfn=(206)
calls=22 +60 -18 
* * 110 0 22
+4 * 22
+4 * 22
+4 +1 22
+4 * 22 22
+4 * 22 22
+4 * 22 22
+4 * 22
+4 * 22
+4 * 22
+8 * 22
+4 * 22 44
+4 * 22
+4 * 22

fn=(208)
0x1ae0 298 22 0 0 1 0 0 1
+4 * 22 0 22
+4 +1 22 22
+4 * 22
+4 * 22

fn=(44) std::vector<int, std::allocator<int> >::push_back(int&&)
fi=(1)
0x1264 19 1000 1000
+4 * 1000
cfn=(31) read_sensor_value()'2
calls=1000 0x11d8 -8 
* * 29136818 8869977 6368742 28183 125 7707 107 80 7685
+24 -1 1000 1000
+4 * 1000
+4 * 1000 0 1000
+4 * 1000 1000
+4 * 1000
+4 * 1000
fe=(6)
0x1724 1293 1000 0 2000
+4 * 1000
+4 * 1000 0 1000
+4 * 1000 0 1000
+4 +1 1000 1000
+4 * 1000
cfi=(13)
cfn=(46)
calls=1000 0x1994 104 
* * 5000 1000 1000 1 0 0 1
+4 * 1000
+4 * 1000 1000 0 1 0 0 1
+4 * 1000
cfi=(14)
cfn=(48) void std::vector<int, std::allocator<int> >::emplace_back<int>(int&&)
calls=1000 0x19a8 111 
* * 954294 311064 228028 5071 2 6 52 0 6

fn=(45) std::vector<int, std::allocator<int> >::push_back(int&&)'2
fi=(1)
0x1264 19 98000 98000 0 35
+4 * 98000
cfn=(31)
calls=98000 0x11d8 -8 
* * 1192674957 359054468 258494134 1116999 2993 488807 1750 725 487685
+24 -1 99000 99000 0 1005
+4 * 99000
+4 * 99000 0 99000
+4 * 99000 99000
+4 * 99000
+4 * 99000
+4 +4 1000 1000
+4 * 1000
+4 +1 1000
+4 * 1000 1000
+4 * 1000 1000
+4 * 1000 1000
+4 * 1000
+4 * 1000
+4 * 1000
+8 * 1000 0 0 1000 0 0 1
+4 * 1000 2000
+4 * 1000 1000
+4 * 1000
+4 * 1000
fe=(6)
0x1724 1293 99000 0 198000
+4 * 99000
+4 * 99000 0 99000
+4 * 99000 0 99000
+4 +1 99000 99000
+4 * 99000
cfi=(13)
cfn=(46)
calls=99000 0x1994 104 
* * 495000 99000 99000
+4 * 99000
+4 * 99000 99000
+4 * 99000
cfi=(14)
cfn=(48)
calls=99000 0x19a8 111 
* * 16564490 5695955 4190720 21160 124 7707 106 79 7685

fn=(220) std::_Vector_base<double, std::allocator<double> >::_M_deallocate(double*, unsigned long)
0x1aa4 383 11 0 22 3 0 0 1
+4 * 11
+4 * 11 0 11
+4 * 11 0 11
+4 * 11 0 11
+4 +3 11 11
+4 * 11
+4 * 11
+4 +1 10 10
+4 * 10 10
+4 * 10 10
+4 * 10
cfi=(16)
cfn=(230) std::allocator_traits<std::allocator<double> >::deallocate(std::allocator<double>&, double*, unsigned long)
calls=10 0x23f4 495 
* * 1552 520 342 19 8 0 8 3
+4 +1 1
+4 * 1 2
+4 * 1
fi=(14)
0x1e38 515 10 10
+4 * 10 10
+4 * 10 0 10
+4 +1 10 10
+4 * 10 10
+4 * 10 0 10
+4 +1 10 10
+4 * 10
+4 * 10 10
+4 * 10
+4 * 10 10
+4 * 10 0 10
+4 +1 10
+4 * 10
+4 * 10 10
+4 * 10 10
+4 * 10 10
+4 * 10
+4 * 10
+4 * 10
0x1f44 * 10 20
+4 * 10 20
+4 * 10
+4 * 10
fe=(6)

fl=(16)
fn=(230)
fi=(6)
0x1ad4 388 10
+4 * 10 20
+4 * 10
fe=(16)
0x23f4 495 10 0 20
+4 * 10
+4 * 10 0 10
+4 * 10 0 10 10 0 0 1
+4 * 10 0 10
+4 +1 10 10
+4 * 10 10
+4 * 10 10
+4 * 10
cfi=(8)
cfn=(232)
calls=10 0x2b90 142 
* * 1432 470 292 9 8 0 7 3

fn=(86)
fi=(6)
0x2a80 378 8000 0 0 1 0 0 1
cfn=(85)
calls=8000 +8 +1 
* * 16000 16000
fe=(16)
0x2d80 +85 8000 0 16000 1 0 0 1
+4 * 8000
+4 * 8000 0 8000
+4 * 8000 0 8000
+4 +1 8000
+4 * 8000 8000
+4 * 8000 8000
+4 * 8000
cfi=(8)
cfn=(88)
calls=8000 0x3118 112 
* * 1119075 292775 186640 10060 58 1496 46 12 1484

fn=(178)
0x3270 547 22 0 44 11 0 0 1
+4 * 22
+4 * 22 0 22
+4 +3 22 22
+4 * 22 0 0 11
cfi=(8)
cfn=(180)
calls=22 0x3480 167 
* * 264 66 88 22 0 0 1
+4 +4 22 44
+4 * 22

fn=(194)
fi=(6)
0x26f4 378 11
cfn=(193)
calls=11 +8 +1 
* * 22 22
fe=(16)
0x2c50 +85 11 0 22
+4 * 11
+4 * 11 0 11
+4 * 11 0 11
+4 +1 11
+4 * 11 11
+4 * 11 11
+4 * 11
cfi=(8)
cfn=(196)
calls=11 0x2f48 112 
* * 1792 454 280 59 8 5 1 5 5

fn=(90)
0x1fac 511 100000 0 200000
+4 * 100000
+4 * 100000 0 100000
+4 * 100000 0 100000
+4 * 100000 0 100000
+4 +5 100000 100000
+4 * 100000
cfi=(13)
cfn=(54)
calls=100000 -44 77 
* * 500000 100000 100000
+4 * 100000
+4 * 100000 100000
+4 * 100000 100000
+4 * 100000
cfi=(8)
cfn=(92)
calls=100000 0x27ec 173 
* * 3400000 900000 1100000 3 0 2985 3 0 2975
+4 +4 100000
+4 * 100000 200000
+4 * 100000

fn=(200)
0x1b20 511 1000 0 2000 1 0 0 1
+4 * 1000
+4 * 1000 0 1000
+4 * 1000 0 1000
+4 * 1000 0 1000
+4 +5 1000 1000
+4 * 1000
cfi=(13)
cfn=(198)
calls=1000 0x244c 77 
* * 5000 1000 1000 989
+4 * 1000
+4 * 1000 1000
+4 * 1000 1000
+4 * 1000
cfi=(8)
cfn=(202)
calls=1000 0x2460 173 
* * 34000 9000 11000 990 0 137 1 0 121
+4 +4 1000
+4 * 1000 2000
+4 * 1000

fn=(66)
0x3394 547 16000 0 32000 1 0 0 1
+4 * 16000
+4 * 16000 0 16000
+4 +3 16000 16000
+4 * 16000
cfi=(8)
cfn=(68)
calls=16000 0x34e4 167 
* * 192000 48000 64000 1001 0 1 2 0 1
+4 +4 16000 32000
+4 * 16000

fn=(120)
fi=(6)
0x1988 388 7000
+4 * 7000 14000
+4 * 7000
fe=(16)
0x1f68 495 7000 0 14000
+4 * 7000
+4 * 7000 0 7000
+4 * 7000 0 7000
+4 * 7000 0 7000
+4 +1 7000 7000
+4 * 7000 7000
+4 * 7000 7000
+4 * 7000
cfi=(8)
cfn=(122)
calls=7000 0x27c4 142 
* * 938709 315244 196108 2035 68 12 56 67 12

fl=(14)
fn=(56) void std::vector<int, std::allocator<int> >::_M_realloc_insert<int>(__gnu_cxx::__normal_iterator<int*, std::vector<int, std::allocator<int> > >, int&&)
0x1a34 127 8000
+4 * 8000 16000
+4 * 8000 16000
+4 * 8000 0 0 1 0 0 1
0x20c4 439 8000 0 0 1 0 0 1
+4 * 8000 0 16000
+4 * 8000
+4 * 8000 0 16000
+4 * 8000 0 8000
+4 * 8000 0 8000
+4 * 8000 0 8000
+4 * 8000
+4 * 8000 8000
+4 * 8000 8000
+4 * 8000 0 8000
+4 * 8000
+4 +10 8000
+4 * 8000
+4 * 8000
+4 * 8000 8000 0 2 0 0 1
+4 * 8000
cfi=(6)
cfn=(58)
calls=8000 0x287c 1891 
* * 2710294 898064 577028 5072 2 6 42 0 6
+4 * 7000 0 7000
+4 +1 7000 7000
+4 * 7000 7000
+4 * 7000 0 7000
+4 +1 7000 7000
+4 * 7000 7000
+4 * 7000 0 7000
+4 +1 7000 7000
+4 * 7000
cfi=(6)
cfn=(78)
calls=7000 0x29b0 868 
* * 245000 84000 49000
+4 * 7000 0 7000
+4 * 7000
+4 * 7000
+4 * 7000
cfi=(15)
cfn=(80)
calls=7000 0x2a18 1330 
* * 182000 63000 49000
+4 * 7000 0 7000
+4 +1 7000 7000
+4 * 7000 7000
+4 * 7000
cfi=(6)
cfn=(84)
calls=7000 0x2a58 -78 
* * 5210490 1644955 1232720 21148 124 5721 106 79 5704

fn=(57)
0x2268 509 8000 0 0 46 0 0 1
cfi=(6)
cfn=(96)
calls=8000 0x2050 -31 
* * 224000 56000 32000
+4 * 8000
+4 * 8000
+4 * 8000
+4 * 8000
+4 * 8000
+4 * 8000 0 0 1011 0 0 1
+28 +4 8000 8000
+4 +1 8000 8000
+4 * 8000 8000
+4 * 8000 8000
+4 * 8000
+4 * 8000
+4 -1 8000
+4 * 8000 8000
+4 * 8000
+4 * 8000 0 0 1010 0 0 1
cfi=(6)
cfn=(112)
calls=8000 0x1958 383 
* * 1285709 479244 292108 2039 68 12 56 67 12
+4 +2 1000 1000
+4 * 1000 1000
+4 * 1000 0 1000
+4 +1 1000 1000
+4 * 1000 1000
+4 * 1000 0 1000
+4 +1 1000 1000
+4 * 1000
+4 * 1000 1000
+4 * 1000
+4 * 1000 1000
+4 * 1000 0 1000
+4 +1 1000
+4 * 1000
+4 * 1000 1000
+4 * 1000 1000 0 1 0 0 1
+4 * 1000 1000
+4 * 1000
+4 * 1000
+4 * 1000
0x23d0 * 1000 2000 0 1000 0 0 1
+4 * 1000 2000
+4 * 1000
+4 * 1000

fn=(48)
fi=(6)
0x1748 1294 100000
+4 * 100000 200000
+4 * 100000
fe=(14)
0x19a8 111 100000 0 200000
+4 * 100000
+4 * 100000 0 200000
+4 * 100000 0 100000
+4 * 100000 0 100000
+4 +3 100000 100000
+4 * 100000 100000 0 1 0 0 1
+4 * 100000 100000
+4 * 100000 100000
+4 * 100000
+4 * 100000
+4 +3 92000 92000
+4 * 92000 92000
+4 * 92000 92000
+4 * 92000 92000
+4 * 92000
cfi=(13)
cfn=(54)
calls=92000 0x1f98 -40 
* * 460000 92000 92000
+4 * 92000
+4 * 92000
+4 * 92000
+4 * 92000
cfi=(16)
cfn=(90)
calls=92000 0x1fac 511 
* * 4876000 1380000 1564000 0 0 1986 0 0 1981
+4 +2 92000 92000
+4 * 92000 92000
+4 * 92000
+4 * 92000 92000
+4 * 92000 0 92000
+4 +8 92000
cfn=(49) void std::vector<int, std::allocator<int> >::emplace_back<int>(int&&)'2
calls=92000 +40 * 
* * 368000 368000
+4 -4 8000 8000 0 1 0 0 1
+4 * 8000
cfi=(6)
cfn=(50)
calls=8000 0x1fe4 888 
* * 288000 96000 56000 4 0 0 4
+4 * 8000
+4 * 8000 8000
+4 * 8000
cfi=(13)
cfn=(54)
calls=8000 0x1f98 -46 
* * 40000 8000 8000 1 0 0 1
+4 * 8000
+4 * 8000
+4 * 8000 8000
+4 * 8000
cfn=(56)
calls=8000 0x20c4 439 
* * 8634784 2795019 2006748 26224 126 5727 151 79 5710

fn=(49)
0x1a34 127 92000
+4 * 92000 184000
+4 * 92000 184000
+4 * 92000

fn=(168)
fi=(6)
0x1900 1288 11
+4 * 11 22
+4 * 11
fe=(14)
0x1c38 439 11 0 0 1 0 0 1
+4 * 11 0 22
+4 * 11 0 0 1 0 0 1
+4 * 11 0 22
+4 * 11 0 11
+4 * 11 0 11
+4 * 11 0 11
+4 * 11
+4 * 11 11
+4 * 11 11
+4 * 11 0 11
+4 * 11
+4 +10 11
+4 * 11
+4 * 11
+4 * 11 11
+4 * 11
cfi=(6)
cfn=(170)
calls=11 0x24f0 1891 
* * 3499 1162 736 82 0 0 36
+4 * 10 0 10
+4 +1 10 10 0 10
+4 * 10 10
+4 * 10 0 10
+4 +1 10 10
+4 * 10 10
+4 * 10 0 10
+4 +1 10 10
+4 * 10
cfi=(6)
cfn=(186)
calls=10 0x2624 868 
* * 350 120 70
+4 * 10 0 10
+4 * 10
+4 * 10
+4 * 10
cfi=(15)
cfn=(188)
calls=10 0x268c 1330 
* * 260 90 70
+4 * 10 0 10
+4 +1 10 10
+4 * 10 10
+4 * 10
cfi=(6)
cfn=(192)
calls=10 0x26cc -78 
* * 8699 2884 2261 131 127 131 8 8 131

fn=(169)
0x1ddc 509 11 0 0 1 0 0 1
cfi=(6)
cfn=(204)
calls=11 0x1bc4 -31 
* * 308 77 44
+4 * 11
+4 * 11
+4 * 11
+4 * 11
+4 * 11
+4 * 11
+28 +4 11 11 0 1 0 0 1
+4 +1 11 11
+4 * 11 11
+4 * 11 11
+4 * 11
+4 * 11
+4 -1 11
+4 * 11 11
+4 * 11
+4 * 11
cfi=(6)
cfn=(220)
calls=11 0x1aa4 383 
* * 1923 703 427 22 8 0 9 3
+4 +2 1 1
+4 * 1 1
+4 * 1 0 1 1 0 0 1
+4 +1 1 1
+4 * 1 1
+4 * 1 0 1
+4 +1 1 1
+4 * 1
+4 * 1 1
+4 * 1
+4 * 1 1
+4 * 1 0 1
+4 +1 1
+4 * 1
+4 * 1 1
+4 * 1 1
+4 * 1 1
+4 * 1
+4 * 1 0 0 1 0 0 1
+4 * 1
0x1f44 * 1 2
+4 * 1 2
+4 * 1
+4 * 1

fl=(1)
fn=(30) read_sensor_value()
0x11d8 11 1000 0 2000
+4 * 1000
+4 +1 1000
cob=(2)
cfi=(9)
cfn=(34)
calls=1000 0x3f1f0 +14 
* * 86872 23000 13000 49 7 0 12 7
* * 10000 3000 0 1 1 0 1 1
0x126c +7 1000 0 1000
+4 * 1000
+4 * 1000
+4 * 1000
+4 * 1000
cfi=(6)
cfn=(44)
calls=1000 0x1724 1293 
* * 30113112 9187041 6602770 33256 127 7713 161 80 7691

fn=(31)
0x11d8 11 99000 0 198000 992
+4 * 99000
+4 +1 99000
cob=(2)
cfi=(9)
cfn=(34)
calls=99000 0x3f1f0 +14 
* * 8600328 2277022 1287022 3991 1 0 0 1
* * 990000 297000
0x126c +7 99000 0 99000
+4 * 99000
+4 * 99000
+4 * 99000
+4 * 99000
cfi=(6)
cfn=(45)
calls=99000 0x1724 1293 
* * 1211429447 365350423 263278854 1140199 3117 496514 1857 804 495370

fn=(158) calculate_average(std::vector<int, std::allocator<int> >*)
0x12d4 25 1 0 2
+4 * 1
+4 * 1 0 1
+4 * 1 0 1
+4 +1 1 0 1
+4 +2 1 0 1
+4 * 1
cfn=(159) calculate_average(std::vector<int, std::allocator<int> >*)'2
calls=1 +52 * 
* * 4138 1415 502 3 0 0 3
0x1408 +16 1
+4 * 1 0 1
+4 +2 1
+4 * 1
+4 * 1
cfi=(6)
cfn=(162)
calls=1 0x188c 1276 
* * 34601944 10694255 7194588 43272 185 7945 93 17 7907

fn=(159)
0x12d4 25 999 0 1998
+4 * 999
+4 * 999 0 999
+4 * 999 0 999
+4 +1 999 0 999
+4 +2 999 0 999
+4 * 999
cfn=(159)
calls=999 +52 * 
* * 4133862 1413585 501498
+4 +1 100000 100000
+4 * 100000
+4 * 100000 100000
+4 * 100000
cfi=(6)
cfn=(160)
calls=100000 0x177c 1121 
* * 1000000 300000 200000 1 0 0 1
+4 * 100000 100000
+4 * 100000
+4 * 100000 100000
+4 * 100000
+4 * 100000 0 100000
+4 -1 100000 100000
+4 * 100000
+4 * 100000 0 100000
+4 * 100000 100000
+4 * 100000 100000
+4 * 100000
cfi=(6)
cfn=(74)
calls=100000 0x1754 987 
* * 1000000 400000 100000
-8 * 1000 1000 0 1 0 0 1
+4 * 1000 1000
+4 * 1000
cfi=(6)
cfn=(74)
calls=1000 0x1754 987 
* * 10000 4000 1000
+4 * 101000
+4 * 101000
+4 * 101000
+4 * 101000
+4 * 101000
+4 * 101000 0 0 1 0 0 1
+4 +4 1000 1000
+4 * 1000
cfi=(6)
cfn=(74)
calls=1000 0x1754 987 
* * 10000 4000 1000
+4 * 1000
+4 * 1000 1000
+4 * 1000
+4 +1 1000
+4 * 1000 1000
+4 * 1000 2000
+4 * 1000
0x1408 +11 999
+4 * 999 0 999
+4 +2 999
+4 * 999
+4 * 999
cfi=(6)
cfn=(163)
calls=999 0x188c 1276 
* * 17260913920 5334757045 3588900959 21469411 73058 3951769 9378 3261 3933531

fn=(0) main
0x13e4 40 1 0 0 1 0 0 1
+4 * 1 0 1 0 0 1 0 0 1
+4 * 1 1
+4 +1 1 0 1
+4 * 1
cfn=(1) main'2
calls=1 0x14d0 * 
* * 34638048 10705356 7201944 43526 282 7984 272 112 7946

fn=(1)
0x13f8 42 1
cfn=(2) generate_sensor_data()
calls=1 0x11fc -27 
* * 34638044 10705355 7201944 43525 282 7984 271 112 7946
0x14d0 -1 1 1 0 1 0 0 1
+4 * 1
+4 * 1

fn=(2)
0x11fc 15 1 0 0 1 0 0 1
+4 * 1 0 2 1 0 1 1 0 1
+4 * 1
+4 * 1 0 1
+4 * 1
+4 * 1 1 0 0 1 0 0 1
+4 * 1 1 0 0 1 0 0 1
+4 * 1 0 1
+4 * 1
+4 +1 1
+4 * 1
cob=(5)
cfi=(3)
cfn=(6)
calls=1 0xa2c90 -16 
* * 31932 9681 6842 245 94 38 171 92 38
* * 4 1 0 1 1 0 1 1
0x13fc +26 1 0 1 1
+4 +2 1 1 0 1 0 0 1
+4 * 1
cfn=(158)
calls=1 0x12d4 -19 
* * 34606094 10695670 7195097 43275 185 7945 96 17 7907

fn=(3)
0x11fc 15 999
+4 * 999 0 1998 999
+4 * 999
+4 * 999 0 999
+4 * 999
+4 * 999 999
+4 * 999 999
+4 * 999 0 999
+4 * 999
+4 +1 999
+4 * 999
cob=(5)
cfi=(3)
cfn=(6)
calls=999 0xa2c90 -16 
* * 30323199 9242392 6647942 37082 57 7680 39 8 7658
* * 3996 999
+64 +3 1000 1000
+4 * 1000
cfn=(30)
calls=1000 0x11d8 -8 
* * 30217984 9213041 6618770 33306 135 7713 174 88 7691
+36 -1 1000 1000 0 2 0 0 1
+4 * 1000
+4 * 1000
0x13fc +24 999 0 999 999
+4 +2 999 999 0 999
+4 * 999
cfn=(159)
calls=999 0x12d4 -19 
* * 17265059770 5336170630 3589409450 21469411 73058 3951769 9378 3261 3933531

fl=(17)
fn=(72)
0x328c 230 16022 0 0 995 0 0 1
+4 * 16022 0 16022
+4 * 16022 0 16022
+4 +5 16022 16022
+4 * 16022 16022
+4 * 16022 16022
+4 * 16022 16022
+4 * 16022
+4 * 16022
+12 +2 16022 16022
+4 +1 16022
+4 * 16022 0 0 993 0 0 1

fn=(76)
fi=(6)
0x25a0 1896 1 1
+4 * 1
+4 * 1 0 1
+4 +1 1 1
+4 * 1
cfn=(184)
calls=1 0x2bf0 987 
* * 10 4 1
+4 * 1
+4 * 1 1
+4 * 1
+4 * 1 0 0 1 0 0 1
+4 * 1 1
+4 * 1
cfn=(172)
calls=1 0x2bd0 993 
* * 74 24 19
+4 * 1
+4 * 1 1
+4 * 1
+4 * 1
+16 * 1 1
+4 * 1
+4 +1 1
+4 * 1 1
+4 * 1 1
+4 * 1 1
+4 * 1 0 0 1 0 0 1
+4 * 1
+4 * 1
+8 * 1
+4 * 1 2
+4 * 1 1
+4 * 1
+4 * 1
0x292c -2 1000 1000
+4 * 1000
+4 * 1000 0 1000
+4 +1 1000 1000
+4 * 1000
cfn=(74)
calls=1000 0x1754 987 
* * 10000 4000 1000
+4 * 1000 0 0 1 0 0 1
+4 * 1000 1000
+4 * 1000
+4 * 1000
+4 * 1000 1000
+4 * 1000
cfn=(60)
calls=1000 0x2d60 993 
* * 74000 24000 19000
+4 * 1000
+4 * 1000 1000
+4 * 1000
+4 * 1000
+16 * 1000 1000
+4 * 1000
+4 +1 1000
+4 * 1000 1000 0 1 0 0 1
+4 * 1000 1000
+4 * 1000 1000
+4 * 1000
+4 * 1000
+4 * 1000
+8 * 1000
+4 * 1000 2000
+4 * 1000 1000
+4 * 1000
+4 * 1000
fe=(17)
0x2c18 254 8011 0 0 1 0 0 1
+4 * 8011 0 8011
+4 * 8011 0 8011
+4 +5 8011 8011
+4 * 8011 8011
+4 * 8011 8011
+4 * 8011 8011
+4 * 8011
+4 * 8011
+4 +1 1001 1001
+4 * 1001 0 0 1 0 0 1
cfn=(77) unsigned long const& std::max<unsigned long>(unsigned long const&, unsigned long const&)'2
calls=1001 +8 +2 
* * 2002
+4 +1 7010 7010
+4 +1 7010
+4 * 7010

fn=(77)
0x2c48 262 1001
+4 * 1001

fn=(108)
0x33c4 313 48000
+4 * 48000 0 48000
+4 +2 48000 48000
+4 * 48000
+4 * 48000

ob=(5)
fl=(3)
fn=(6)
fi=(1)
0x1228 16 1000
+4 * 1000 0 1000
+4 * 1000 0 1000
+4 * 1000 0 1000
+4 * 1000
+4 * 1000
cob=(1)
cfi=(6)
cfn=(18)
calls=1000 0x167c 526 
* * 50000 16000 17000 7 0 0 7
+4 * 1000 0 0 1 0 0 1
+4 * 1000 0 1000
+4 * 1000
+4 * 1000
+4 * 1000
+12 +2 1000 0 1000
+4 * 1000
cob=(1)
cfn=(3)
calls=1000 +44 * 
* * 30222984 9215041 6618770 33308 135 7713 175 88 7691
fi=(8)
0x2fb8 138 11 22
+4 * 11
fe=(3)
0xa2c90 0 1011 0 2022 11 0 1 1 0 1
+4 0 1011
+4 0 1011
+4 0 1011 0 1011
+4 0 1011
+4 0 1011
+4 0 1011
cob=(2)
cfi=(4)
cfn=(10)
calls=1011 0x92240 3281 
* 0 55413 17372 11195 3059 23 9 25 16 9
* 0 8064 4026 0 999 1 0 1 1

fn=(7)
fi=(8)
0x3188 138 8000 16000
+4 * 8000
fe=(3)
0xa2c90 0 8000 0 16000
+4 0 8000
+4 0 8000
+4 0 8000 0 8000
+4 0 8000
+4 0 8000
+4 0 8000
cob=(2)
cfi=(4)
cfn=(10)
calls=8000 0x92240 3281 
* 0 727107 202799 114640 10053 58 1496 44 12 1484
* 0 55968 25976 0 5

fn=(126)
0xa0ca0 0 7010 0 0 4 0 0 1
cob=(2)
cfi=(4)
cfn=(152)
calls=7009 0x929c4 3350 
* 0 806127 280380 161219 8 10 0 6 5
cob=(4) /usr/lib/aarch64-linux-gnu/ld-linux-aarch64.so.1
cfi=(21) ./elf/../sysdeps/aarch64/dl-trampoline.S
cfn=(132) _dl_runtime_resolve
calls=1 0x10744 38 
* 0 819 283 129 53 64 12 53 63 12
* 0 28045 7011 2 1978 2 0 2 2

ob=(1)
fl=(17)
fn=(216)
0x32d8 313 66
+4 * 66 0 66
+4 +2 66 66
+4 * 66
+4 * 66

fl=(18)
fn=(94)
0x162c 175 101000 0 0 1 0 0 1
+4 * 101000 0 101000
+4 * 101000 0 101000
+4 * 101000 101000
+4 * 101000
+4 * 101000

ob=(4)
fl=(25) ./string/../sysdeps/aarch64/strcmp.S
fn=(144) strcmp
0x1c1c0 64 2 0 0 1 0 0 1
+4 +3 2
+4 +1 2
+4 +1 2
+4 +1 2
+4 +1 2
+4 +1 1
+44 +26 1 0 0 1 0 0 1
+4 +1 1
+4 +1 1
+4 +2 1
+4 +5 1
+4 +1 1
+4 +3 1
+4 +1 1
+4 +1 1
+12 +8 1
+4 +1 1 1 0 0 1 0 0 1
+4 +1 1 1 0 0 1 0 0 1
+4 +1 1
+4 +1 1
+4 +1 1
+4 +1 1
+4 +1 1
+4 +1 1
cfn=(145) strcmp'2
calls=1 0x1c1e8 -44 
* * 23 2
+4 +5 1 0 0 1 0 0 1
+4 +2 1 1 0 0 1 0 0 1
+4 +1 1 1
+4 +1 1
+4 +1 1
+4 +1 1
+4 +1 1
+4 +1 1
+4 +3 1
+4 +1 1
+4 +1 1 1
+4 +4 1 0 0 1 0 0 1
+4 +1 1
+4 +1 1
+4 +1 1
+4 +1 1
+4 +1 1
+4 +2 1
+4 * 1
+4 +5 1 1
+4 +1 1 1
+4 +4 1
+4 +1 1
+4 +1 1 1
+4 +1 1
+4 +1 1
+4 +1 1
+4 +2 1 0 0 1 0 0 1
+4 +4 1
+4 +1 1
+4 +1 1

fn=(145)
0x1c1e0 77 1 1
+4 +1 1 1
+4 +7 1
+4 +1 1
+4 +2 1
+4 +1 1
+4 +1 1
-16 -5 1
+4 +1 1
+4 +2 1
+4 +1 1
+4 +1 1
+4 +4 1
+4 +1 1
+4 +3 1
+4 +1 1
+4 +1 1
+4 +2 1
+4 +5 1
+4 +1 1
+4 +3 1
+4 +1 1
+4 +1 1

fl=(26) ./elf/../sysdeps/generic/ldsodefs.h
fn=(146) do_lookup_x
0x8420 141 1 1 0 1 0 0 1
+4 * 1
+4 +1 1
fi=(23) ./elf/./elf/dl-lookup.c
+4 460 1
+4 * 1
fi=(27) ./elf/../sysdeps/generic/dl-protected.h
+4 29 1 1
+4 * 1
+4 * 1
+4 * 1 0 0 1 0 0 1
fi=(23)
+4 467 1 1
+4 * 1
+4 * 1
+4 * 1
+4 * 1
+4 * 1
+4 * 1
+4 * 1
+4 +16 1 1
+4 +1 1 0 2
+4 +1 1
+4 +21 1 2
+4 * 1 2
+4 * 1 2
+4 * 1 2
+4 * 1 2
+4 * 1 2
+4 * 1
+4 * 1
fe=(26)

fl=(22) ./elf/./elf/dl-runtime.c
fn=(134) _dl_fixup
0xe460 46 1 0 2 1 0 1 1 0 1
+4 * 1
+4 * 1
+4 +2 1 1 0 0 1 0 0 1
+4 -2 1 0 2
+4 * 1
fi=(26)
+4 +35 1 1 0 0 1 0 0 1
fe=(22)
+4 -35 1 0 2
+4 +2 1 1 0 1 1 0 1 1
+4 * 1 1 0 0 1 0 0 1
+4 * 1
+12 +6 1 1 0 0 1 0 0 1
+4 +1 1
+4 -6 1 1
+4 +6 1 1 0 0 1 0 0 1
+4 -6 1 1
+4 +6 1
+4 * 1
+4 -6 1
+4 +9 1 1 0 0 1 0 0 1
+4 -2 1 1 0 0 1 0 0 1
+4 * 1 0 2
+4 +2 1 0 0 1 0 0 1
+4 -2 1
+4 * 1
+4 * 1
+4 * 1
+4 * 1 0 1 0 0 1 0 0 1
+4 +7 1
+4 * 1
+4 +4 1 1 0 0 1 0 0 1
+4 * 1
+4 * 1
+4 +4 1 1 0 0 1 0 0 1
+4 * 1
+4 +4 1 1 0 0 1 0 0 1
+4 * 1
+4 +1 1 1 0 0 1 0 0 1
+4 * 1 0 0 1 0 0 1
+4 -1 1 1 0 0 1 0 0 1
+4 +1 1
+4 * 1
+4 +1 1 1 0 0 1 0 0 1
+4 -8 1
+4 * 1
+4 +16 1
+4 -1 1
+4 +1 1
+4 * 1 1 0 0 1 0 0 1
+4 * 1
+4 +10 1 1 0 0 1 0 0 1
+4 * 1
+4 * 1 1
+4 * 1
+4 * 1 0 0 1 0 0 1
+4 * 1
+4 * 1
+4 * 1
cfi=(23)
cfn=(136) _dl_lookup_symbol_x
calls=1 0x8c00 756 
* * 616 202 79 34 44 10 34 44 10
fi=(21)
0x1078c +8 1
+4 +3 1 2
+4 +1 1 2
+4 +1 1 2
+4 +1 1 2
+4 +1 1 2
+4 +1 1 2 0 0 1
+4 +1 1 2
+4 +1 1 2
+4 +1 1 2
+4 +3 1 2
+4 +4 1
fe=(22)

fn=(135) _dl_fixup'2
0xe5d8 159 1
+4 * 1 1 0 0 1 0 0 1
+4 * 1
fi=(28) ./elf/../sysdeps/aarch64/dl-machine.h
+4 -14 1 0 1
fe=(22)
+4 +18 1 2
+4 * 1 2
+4 * 1 2
+4 * 1 2
+4 * 1

fl=(23)
fn=(140) do_lookup_x
0x81e0 348 1 0 0 1 0 0 1
+4 * 1 0 2 0 0 1 0 0 1
+4 * 1
+4 * 1 1
+4 * 1 0 2
+4 * 1
+4 * 1 1
+4 * 1 1
+4 * 1 0 2 1 0 0 1
+4 +1 1 1 0 0 1 0 0 1
+4 -1 1 0 2 0 0 1 0 0 1
+4 * 1 0 2
+4 * 1 0 2
+4 * 1 0 1
+4 * 1 0 1 0 0 1 0 0 1
+4 * 1 0 2
+4 * 1
+4 * 1 0 1
+4 +7 1 1
+4 +41 1
+4 -30 1
+4 +33 1
+4 -25 1
+4 * 1
+4 * 1 0 0 1 0 0 1
+4 * 1
+4 * 1 0 1
+4 * 1
cfn=(141) do_lookup_x'2
calls=1 0x82c0 -15 
* * 453 147 34 21 38 2 21 38 2
0x8d04 776 1
+4 +5 1 1
+4 +23 1 1
+4 * 1
+4 -23 1
+4 +24 1
+4 * 1 1
+4 * 1
+4 * 1
+4 * 1
+4 +7 1 1
+4 -7 1
+4 +35 1 1
+4 * 1
+4 * 1
+4 * 1 0 0 1 0 0 1
+4 +34 1 1
+4 * 1
+4 -20 1 1 0 0 1 0 0 1
+4 * 1
+4 +3 1 1
+4 * 1
+4 +19 1 2
+4 * 1
+4 * 1 2
+4 * 1 2
+4 * 1 2
+4 * 1 2
+4 -76 1 0 1
+4 +76 1 2
+4 * 1
+4 * 1 0 0 1 0 0 1

fn=(141)
0x8250 380 5 5 0 0 3 0 0 3
+4 * 5
+4 +8 5 5 0 0 4 0 0 4
+4 -4 5 0 5
fi=(26)
+4 81 5 5
fe=(23)
+4 388 5
+4 -3 5 0 5
+4 +3 5 5 0 0 4 0 0 4
+4 * 5
+12 +1 5 5
+4 +3 5 5 0 1 0 0 1
+4 -3 5 5 0 0 1 0 0 1
+4 * 5
+4 +4 5
+4 +4 5 5
+4 +3 5 5
+4 -3 5
+4 +3 5
+4 -5 5 5 0 0 5 0 0 5
+4 +8 5
+4 * 5
+4 * 5
+4 * 5
+4 +99 4
+4 * 4
+4 * 4
+4 359 5 5 0 1 1 0 1 1
+4 * 5 5 0 0 5 0 0 5
+4 +3 5
+4 * 5
+4 +4 5
+16 +4 5 5 0 0 4 0 0 4
+4 * 5
+4 +4 5 5
+4 * 5
0x8490 +33 2 0 0 1 0 0 1
+4 -1 2 2
+4 * 2
+4 * 2 2 0 0 2 0 0 2
+4 +2 2
+4 +2 2 2
+4 +6 2
+4 * 2
+4 -6 2 0 4
+4 * 2
+4 * 2 0 2
+4 * 2
+4 * 2 0 0 1 0 0 1
+4 * 2
+4 * 2 0 2
+4 * 2 0 2
+4 * 2 0 2
+4 * 2
cfn=(141)
calls=2 +12 +3 
* * 526 159 34 31 29 4 31 29 4
+4 +13 7
+4 * 7
+4 -10 8 8 0 0 3 0 0 3
+4 * 8
+4 * 8
+4 * 8
+4 +2 1 1
+4 +1 1 0 2 0 0 1 0 0 1
+4 * 1 1
+4 * 1 2
+4 -1 1 0 0 1 0 0 1
+4 +1 1 1
+4 * 1
+4 +1 1
+4 -1 1 0 1
+4 * 1
+4 * 1
+4 +1 1
+4 -1 1
+4 * 1
cfn=(142) check_match
calls=1 0x8060 71 
* * 138 29 7 10 6 1 10 6 1
+4 +4 1
0x8724 +34 1 1 0 1 0 0 1
+4 * 1
+4 * 1
0x89b8 308 1 2 0 1 0 0 1
+4 * 1
+4 * 1 1 0 1 0 0 1
+4 * 1 1
+4 * 1 1
+4 * 1 1
+4 * 1
cfn=(141)
calls=1 0x8724 454 
* * 284 89 22 15 20 2 15 20 2
0x8b58 177 1 2 0 1 0 0 1
+4 * 1
+4 * 1 1
+4 * 1
+4 * 1 1
+4 * 1 1
+4 * 1 1
+4 * 1
cfi=(26)
cfn=(146)
calls=1 0x8420 -36 
* * 28 16 2 2 0 0 2

fn=(142)
0x8060 71 1 0 2 1 0 1 1 0 1
+4 * 1
+4 +3 1 1 0 0 1 0 0 1
+4 -3 1 0 2
+4 * 1
+4 * 1 0 2
+4 * 1
+4 * 1
+4 * 1 0 1 1 0 0 1
+4 * 1
+4 * 1 1
+4 * 1 1
+4 * 1
+4 +3 1 1
+4 * 1
+4 * 1
+4 +13 1
+4 -13 1
+4 +13 1
+4 -13 1
+4 +13 1
+4 * 1
+4 * 1
+4 +3 1
+4 * 1 0 0 1 0 0 1
+4 * 1 1
+4 * 1
+4 * 1
+4 * 1
cfi=(25)
cfn=(144)
calls=1 0x1c1c0 -26 
* * 46 6 0 5 1 0 5 1
+4 * 1
+4 +4 1 1
+4 +1 1
+4 +2 1
+4 +19 1 1 0 0 1 0 0 1
+4 +1 1
+4 * 1 1
+4 * 1
+4 * 1 1
+4 * 1
+4 * 1
+4 * 1 1 0 1 1 0 1 1
+4 * 1
+4 * 1
+20 -38 1
+4 +84 1 2
+4 * 1 2
+4 * 1 1
+4 * 1 2
+4 * 1
+80 -45 1 1 0 1 0 0 1
+4 * 1 1
+4 * 1
cfi=(25)
cfn=(144)
calls=1 0x1c1c0 -54 
* * 39 4 0 0 2 0 0 2
+4 * 1

fn=(136)
0x8c00 756 1 0 0 1 0 0 1
+4 * 1 0 2 0 0 1 0 0 1
+4 * 1
+4 * 1 0 2
+4 * 1
+4 * 1
+4 * 1 0 2 0 0 1 0 0 1
+4 * 1
+4 * 1
+4 * 1 0 2
+4 * 1
+4 * 1
+4 * 1 0 2
+4 * 1
+4 +6 1
+4 * 1
+4 -6 1 0 2 1 0 0 1
+4 +6 1 0 2 0 0 1 0 0 1
fi=(24) ./elf/../sysdeps/generic/dl-new-hash.h
+4 74 1 1 0 0 1 0 0 1
+4 +3 1
+4 -8 1
+4 +1 1
+4 +31 1
+4 * 1
+4 -21 1 1
+4 * 1
+4 +1 1
-8 -1 1 1
+4 * 1
+4 +1 1
+4 +21 2
+4 -28 2 2
+4 * 2
+4 +30 2
+4 -27 2
fe=(23)
+4 762 1 1 0 1 0 0 1
+4 -4 1
+4 * 1 0 1 0 0 1 0 0 1
+4 +1 1 0 2
+4 +3 1 1 0 0 1 0 0 1
+4 * 1
+4 * 1 0 1
+4 +4 1
+4 * 1
+4 +5 1 1
+4 * 1 1
+4 -2 1
+4 +6 1
+4 -7 1 0 1
+4 * 1 2
+4 * 1
+4 * 1 0 0 1 0 0 1
+4 * 1 0 1
+4 * 1
cfn=(137) _dl_lookup_symbol_x'2
calls=1 +16 +8 
* * 524 174 57 27 40 6 27 40 6
fi=(22)
0xe550 95 1
+4 +4 1 1
+4 * 1
+4 +10 1 1
+4 * 1
+4 * 1 1
+4 * 1
+4 * 1
+4 * 1
+4 * 1
+4 * 1
+4 * 1 1 0 0 1 0 0 1
+4 * 1 1 0 1 0 0 1
+4 * 1
+4 * 1 0 1
fi=(36) ./elf/../sysdeps/aarch64/dl-irel.h
+4 -71 1
fi=(22)
+4 +86 1 1
+4 * 1
+4 * 1
+4 * 1
+4 +9 1 1
+4 * 1
+88 +29 1 1 0 1 0 0 1
+4 * 1 0 0 1 0 0 1
cfn=(135)
calls=1 -40 -3 
* * 9 9 1 0 1 0 0 1
fe=(23)

fn=(137)
0x8cd8 776 1 1
+4 * 1 0 1 0 0 1 0 0 1
+4 * 1 1
+4 * 1 0 1
+4 * 1 0 1
+4 * 1
+4 * 1 0 1
+4 * 1
+4 * 1
+4 * 1
+4 * 1 0 0 1 0 0 1
cfn=(140)
calls=1 0x81e0 348 
* * 513 172 53 26 40 5 26 40 5

fl=(21)
fn=(132)
0x10744 38 1 0 0 1 0 0 1
+4 +12 1 0 2
+4 +5 1 0 2
+4 +4 1 0 2
+4 +4 1 0 2
+4 +4 1 0 2
+4 +4 1 0 2
+4 +4 1 0 2
+4 +4 1 0 2
+4 +4 1 0 2
+4 +5 1 1
+4 +3 1 1
+4 +2 1
+4 +1 1
+4 +1 1
+4 +1 1 0 0 1 0 0 1
+4 +1 1
+4 +3 1
cob=(2)
cfi=(4)
cfn=(152)
calls=1 0x929c4 3350 
* * 115 40 23 12 3 0 12 3
cfi=(22)
cfn=(134)
calls=1 0xe460 -54 
* * 686 241 88 39 61 12 39 60 12

totals: 34625053 10705357 7195946 42535 282 7984 272 112 7946
