# callgrind format
version: 1
creator: callgrind-3.19.0
pid: 7281
cmd:  ./sensor_rpi
part: 1


desc: I1 cache: 16384 B, 64 B, 4-way associative
desc: D1 cache: 16384 B, 64 B, 4-way associative
desc: LL cache: 262144 B, 64 B, 8-way associative

desc: Timerange: Basic block 0 - 11343
desc: Trigger: Program termination

positions: instr line
events: Ir Dr Dw I1mr D1mr D1mw ILmr DLmr DLmw
summary: 41879 9330 2501 571 285 252 516 247 238


ob=(1) /usr/lib/aarch64-linux-gnu/ld-linux-aarch64.so.1
fl=(56) ./elf/./elf/get-dynamic-info.h
fn=(182) _dl_map_object_from_fd
0x66f0 49 24
+4 * 24
+4 +3 2
+4 -1 2
+4 * 2
+8 +17 24 0 24 0 0 3 0 0 3
+4 -23 24 24 0 0 6 0 0 6
+4 * 24
0x6a80 +9 2
+4 * 2
+4 * 2
+4 +1 2
+4 * 2
cfn=(183) _dl_map_object_from_fd'2
calls=2 0x6708 +13 
* * 756 219 79 25 28 3 22 27 3

fn=(183)
0x66f0 49 6
+4 * 6
+4 +3 6
+4 -1 6
+4 * 6
+8 +17 8 0 8 0 0 3 0 0 3
+4 -23 8 8 0 0 2 0 0 2
+4 * 8
+4 +27 2
fi=(4) ./elf/../sysdeps/generic/ldsodefs.h
+4 +9 2 2
fe=(56)
+4 -9 2
+4 +12 2 2
+4 * 2
+16 +1 2 2
+4 * 2
+4 * 2 2
+4 * 2 0 0 1 0 0 1
+4 * 2 0 2
+4 +1 2 2
+4 * 2
+4 * 2 2
+4 * 2
+4 * 2 0 2
+4 +1 2 2
+4 * 2
+4 * 2 2
+4 * 2
+4 * 2 0 2
+4 +1 2 2 0 0 2 0 0 2
+4 * 2
+16 +1 2 2 0 1 0 0 1
+4 * 2
+4 * 2 2
+4 * 2
+4 * 2 0 2
+4 +1 2 2 0 0 1 0 0 1
+4 * 2
+4 * 1 1
+4 * 1
+4 * 1 0 1
+4 +1 1 1
+4 * 1
-4 * 1 1
+4 * 1
+4 * 2 2
+4 * 2
+4 * 2 0 2
+4 +12 2 2
+4 +7 2 2
+4 -7 2
+4 * 2 2
+4 * 2
+4 * 2
+4 * 2 0 2
+4 +7 2
+80 +5 2 2
+4 * 2
+4 * 2
+4 +7 2 2
+4 * 2
+4 +1 2 2 0 1 0 0 1
+4 * 2 2
+4 * 2
+4 * 2
+4 +6 2 2
+4 * 2
+20 +18 2 2 0 0 1 0 0 1
+4 * 2
+32 +15 2 2 0 1 0 0 1
+4 * 2
+4 +2 1 1
+4 * 1 0 1
+4 * 1
+4 +1 1
+12 +9 1 1
+4 * 1
+4 +6 1
+4 +4 2 2
+4 * 2
fi=(30) ./elf/./elf/dl-load.c
+8 1286 2 0 0 2 0 0 1
+4 * 2
+4 * 2
+4 * 2
+4 +2 2
+4 * 2 2
+4 * 2
+4 * 2
+4 +10 2 2
+4 * 2
+4 +19 2 2
+4 * 2
+4 * 2 0 2
+4 +2 2
+4 * 2
+4 * 2 2 0 1 0 0 1
+4 * 2
+4 * 2
+4 +52 2 2 0 0 1 0 0 1
+4 * 2
+4 +1 1 1
+4 * 1
+4 * 1 0 1
+4 +6 1 1
+4 * 1
+4 * 1 1
+4 +1 1
+4 * 1
+4 * 1
+4 -1 1
+4 * 1
+4 * 1
-32 * 1 1
+4 * 1
+4 * 1 1
+4 +1 1
+4 * 1
+4 * 1
+4 -1 1
+4 * 1
+4 * 1 0 0 1 0 0 1
+8 * 17
+4 * 17
+4 +1 17 17 0 0 14 0 0 14
+4 * 17
+4 * 17
+32 +11 2
+4 * 2
cfi=(57) ./io/../sysdeps/unix/sysv/linux/close_nocancel.c
cfn=(186) __GI___close_nocancel
calls=2 0x1b3b0 26 
* * 12 0 0 2 0 0 2
+4 * 2 0 0 1 0 0 1
+4 +13 2 2
+4 * 2
+4 * 2
+4 +2 2 2
+4 * 2 2
+4 +2 2 2
+4 -2 2
+4 * 2 0 2
+4 +2 2
+4 +16 2
+4 * 2
cfi=(8) ./elf/./elf/dl-setup_hash.c
cfn=(14) _dl_setup_hash
calls=2 0xebb0 28 
* * 48 14 12 1 3 0 0 3
+4 +4 2
+4 +1 2 2
+4 * 2
+4 +17 2 2
+4 * 2 0 0 1 0 0 1
+4 +1 1
+4 * 1 0 1
+4 +3 1
+4 * 1 2
+4 * 1 0 2
+4 +5 1 1
+4 * 1
-16 -5 1
+4 * 1 2
+4 * 1 0 2
+4 +5 1 1
+4 * 1
+4 +10 2
+4 * 2 2
+4 * 2
+4 +7 2
+4 * 2
+4 * 2
+4 * 2
+4 * 2
+4 * 2 2 0 1 1 0 1 1
+4 * 2
+4 +10 1 1
+4 * 1
+28 +13 1
+4 * 1
+4 * 1
cfi=(22) ./elf/./elf/dl-object.c
cfn=(72) _dl_add_to_namespace_list
calls=1 0x9d30 31 
* * 51 12 10 1
+4 +3 1 1
+4 * 1 1
+4 * 1
+24 +23 1 1 0 1 0 0 1
+4 * 1
+4 * 1
+4 * 1
+4 * 1 1
+4 * 1 1
+4 * 1
+4 +1 1
+4 * 1
+4 * 1
cfi=(41) ./elf/./elf/dl-audit.c
cfn=(188) _dl_audit_objopen
calls=1 0x12cd0 77 
* * 13 7 6 2 0 0 2
+4 * 1
cfn=(163) _dl_map_object_from_fd'2
calls=1 0x662c +4 
* * 9 12 0 2 0 0 2
fe=(56)
+4 54 6
+4 * 6
+4 * 6
+4 +1 6
+4 * 6
cfn=(183)
calls=6 0x6708 +13 
* * 2340 683 235 41 90 4 34 85 4
fi=(30)
0x6c34 1516 1 0 0 1 0 0 1
+4 * 1
0x6e68 -44 2 2 0 1 0 0 1
+4 * 2
+4 +1 1 1
+4 * 1
fi=(4)
+4 81 1 1
fi=(30)
+4 1474 1 1
+4 -1 1 1
+4 * 1
+8 +1 1
+4 -1 1
+4 * 1
+4 * 1
+4 * 1
cfi=(26) ./string/../sysdeps/aarch64/strcmp.S
cfn=(76) strcmp
calls=1 0x1c1c0 64 
* * 33 4 0 0 2 0 0 2
+4 * 1
+4 +2 1
+4 * 1
+4 * 1
+4 * 1
+4 * 1 0 1
+4 * 1
cfn=(163)
calls=1 0x6a08 +6 
* * 117 42 18 2 1 0 2
+4 1285 1 1 0 1 0 0 1
+4 * 1
cfi=(56)
cfn=(183)
calls=1 0x68b8 184 
* * 318 88 30 3 13 0 2 12
fe=(56)

fl=(53) ./elf/./dl-map-segments.h
fn=(174) _dl_map_object_from_fd
0x6f94 59 2 2
+4 -1 2
+4 +1 2
+4 -1 2 2
+4 * 2
+4 * 2
+4 * 2
+4 * 2
+4 +2 2
+4 * 2
+12 +41 2 0 4 1 0 0 1
+4 * 2 0 4
+4 * 2 0 2
+4 * 2 0 2
+4 -40 2
cfi=(54) ./misc/../sysdeps/unix/syscall-template.S
cfn=(176) munmap
calls=2 0x1b780 +59 
* * 12
+4 * 2 4
+4 +40 2 0 2
+4 -40 2 4
+4 * 2 2
+4 * 2 2
+4 +41 2
cfn=(175) _dl_map_object_from_fd'2
calls=2 0x62b8 +4 
* * 506 76 192 16 0 38 12 0 38

fn=(175)
0x62b8 106 2 0 0 2 0 0 1
+4 * 2 0 2
+4 -1 2 0 2 1 0 0 1
+4 +3 2
+4 +7 2
+4 * 2 0 2
+4 * 2
+4 * 2 0 2
+4 * 2 2
+4 * 2
+4 * 2 0 2
+4 * 2 2
+4 * 2
+4 * 2
+4 +3 2
+4 * 2
+4 * 2
+4 * 2
cfi=(54)
cfn=(178) mprotect
calls=2 0x1b7c0 +2 
* * 12 0 0 1 0 0 1
+4 * 2 2 0 1 0 0 1
+4 * 2 2
+4 * 2 2
+4 * 2
+4 +7 2 2
+4 +2 2
+4 -2 2
+4 * 2 0 2
+4 -96 2 2
fi=(55) ./elf/./dl-load.h
+4 +62 2
* * 2
+4 +1 2 2
+4 * 2 2
+4 * 2
+4 * 2 0 2
+4 +2 2 2
+4 * 2
-4 * 2 2
+4 * 2
fe=(53)
+4 +55 4 8 0 1 0 0 1
+4 * 4
+4 * 4
+4 +8 2
+4 -2 2 2
+4 +2 2 2
+4 -2 2
+4 +1 2
+4 +1 2
+4 +1 2
+4 -1 2
+4 * 2
+4 * 2
+4 * 2
+4 +8 2
+4 * 2
+4 +3 2 0 0 1 0 0 1
+4 +8 2
+4 * 2
+4 * 2
+4 * 2 0 4
+4 * 2 0 2
+4 * 2 0 2
+4 * 2 0 2
+4 * 2 0 2
+4 * 2
cfi=(10) ./string/../sysdeps/aarch64/nptl/../memset.S
cfn=(22) memset
calls=2 0x1ca80 42 
* * 217 0 154 4 0 38 1 0 38
+4 * 2 4
+4 * 2 2
+4 * 2 2
+4 * 2 2
+4 * 2 2
+4 +6 2
+4 * 2
+4 +12 4 0 0 1 0 0 1
+4 -59 4
+4 * 4
+4 * 4
+4 * 4
+4 * 4
+4 +2 2 4
+4 +3 2 2
+4 -3 2
+4 * 2
+4 +2 2 2
+4 * 2
+4 * 2 2
+4 * 2
+4 * 2
+4 * 2
+4 * 2
+4 * 2 0 4
+4 * 2 0 2
+4 * 2 0 2
+4 * 2
cfi=(52) ./misc/../sysdeps/unix/sysv/linux/mmap64.c
cfn=(172) mmap
calls=2 0x1b700 -89 
* * 20
+4 * 2 4
+4 * 2
+4 * 2 2
+4 * 2 2
+4 * 2
fi=(30)
0x66a8 1278 2 2 0 1 0 0 1
+4 * 2 2
+4 * 2
+4 * 2
fi=(55)
0x67e4 95 1 1 0 1 0 0 1
+4 * 1 1
+4 * 1
+4 * 1
+4 +1 1 2
+4 +1 1
+4 * 1 1
+4 -1 1 0 0 1 0 0 1
+4 +1 1
+4 -1 1
+4 * 1
+4 * 1
+4 +3 1
+4 * 1
+4 * 1 0 1
+4 * 1
cfi=(53)
cfn=(175)
calls=1 0x6340 +50 
* * 99 24 14 5 0 1 5 0 1
fe=(53)
0x6ca8 +87 1
+4 * 1
+4 * 1
+4 * 1
+4 * 1
+4 * 1
+4 * 1 0 2 1 0 0 1
+4 * 1 0 1
+4 * 1
cfi=(52)
cfn=(172)
calls=1 0x1b700 50 
* * 10
+4 +3 1 2
+4 * 1
+4 * 1 1
+4 * 1

fl=(46) ./elf/./elf/dl-misc.c
fn=(154) _dl_name_match_p
0x9b10 68 20 0 40 2 0 1 1 0 1
+4 * 20
+4 * 20 0 40
+4 * 20
+4 * 20
+4 +1 20 20 0 0 1
+4 * 20
cfi=(26)
cfn=(76)
calls=20 0x1c1c0 -5 
* * 317 42 0 4 3 0 2
+4 * 20
+4 +3 20 20 0 0 1
+4 +2 20
+8 +6 21
+4 * 21 21
+4 -6 21
+4 +1 26 26 0 1 0 0 1
+4 * 26
+4 * 26
cfi=(26)
cfn=(76)
calls=26 0x1c1c0 -11 
* * 775 124 0 2 1
+4 * 26
+4 +8 5 10
+4 -13 5
+4 +13 5 10
+4 * 5
+4 * 15 30
+4 -1 15
+4 +1 15 30
+4 * 15

fn=(204) _dl_sysdep_read_whole_file
0x9a70 36 1 0 2 1 0 0 1
+4 * 1
+4 * 1 0 2
+4 * 1
+4 +3 1 0 0 1 0 0 1
+4 -3 1 0 1
+4 * 1
+4 +3 1
cfi=(47) ./io/../sysdeps/unix/sysv/linux/open64_nocancel.c
cfn=(158) __open_nocancel
calls=1 0x1b500 -11 
* * 17 0 1
+4 +1 1
+28 +2 1
+4 * 1
+4 * 1
cfi=(50) ./io/../sysdeps/unix/sysv/linux/fstat64.c
cfn=(168) fstat
calls=1 0x1b220 -13 
* * 14
+4 * 1
+4 +2 1 1
+4 * 1 0 1 1 0 0 1
+4 +3 1
+36 +2 1
+4 * 1
+4 * 1
+4 * 1
+4 * 1
+4 * 1
cfi=(52)
cfn=(172)
calls=1 0x1b700 +1 
* * 10
+4 * 1
+4 * 1
cfn=(205) _dl_sysdep_read_whole_file'2
calls=1 -56 +11 
* * 13 5
fi=(61) ./elf/./elf/dl-cache.c
0x11a14 421 1
+4 +8 1
+4 * 1
+4 * 1 1
+4 * 1
+4 * 1
+4 +1 1 1 0 0 1 0 0 1
+4 * 1
+4 * 1
+4 * 1
+4 * 1
+4 * 1 0 0 1 0 0 1
+4 * 1
0x11b24 * 1 1 0 1 0 0 1
+4 * 1
+4 * 1
+4 * 1
+4 * 1
+4 * 1
+4 * 1
+4 * 1 1 0 1 0 0 1
+4 * 1
+4 * 1
+4 * 1
+4 * 1
+4 +3 1
+4 * 1
+4 * 1
+4 +1 1 1
+4 -1 1
+4 * 1
+4 * 1
fi=(62) ./elf/../sysdeps/generic/dl-cache.h
+4 194 1 1
+4 +1 1
+4 * 1
+4 * 1
+4 * 1 0 0 1 0 0 1
fi=(61)
+24 441 1
+4 +1 1 0 2
+4 * 1
cfn=(203) _dl_load_cache_lookup'2
calls=1 0x11928 +50 
* * 1079 158 36 22 19 1 16 19 1
fe=(46)

fn=(205)
0x9acc 60 1
+4 * 1
cfi=(57)
cfn=(186)
calls=1 0x1b3b0 -34 
* * 6
+4 +3 1 1
+4 * 1
+4 * 1 2
+4 * 1 2
+4 * 1

fl=(32) ./elf/./elf/dl-hwcaps-subdirs.c
fn=(92) _dl_hwcaps_subdirs_active
0x14c40 29 1 0 0 1 0 0 1
+4 * 1

fl=(24) ./elf/./elf/dl-minimal-malloc.c
fn=(66) __minimal_malloc
0x9820 35 20 0 40 1 0 4 1 0 4
+4 * 20
+4 * 20 0 40
+4 +1 20
+4 -1 20
+4 +1 20 20 0 0 1 0 0 1
+4 * 20
+4 * 19
+4 +11 19 19
+4 * 19
+4 * 19
+4 +1 19
+4 +2 19
+4 -3 19 0 19
+4 +3 19
+4 * 19
+4 * 18
+4 * 18
+4 * 18
+4 +5 1
+4 * 1 1
+4 * 1
+4 * 1
+4 * 1
+4 +1 1 0 0 1 0 0 1
+4 * 1
+4 * 1
+4 +3 1
+4 * 1 0 1
+4 -1 1
+4 +1 1
+4 * 1
+4 * 1
+4 * 1
+4 * 1
+4 * 1
cfi=(52)
cfn=(172)
calls=1 0x1b700 -9 
* * 10 0 0 1 0 0 1
+4 * 1
+4 +2 1
+4 * 1
+4 +2 1 1
+4 * 1
+4 * 1
+4 * 1
+4 +2 1
+4 +4 1
+4 -4 1 1
+4 * 1 0 1
+4 +3 1
+4 * 1 0 2
+4 +3 1 2
+4 * 1 2
+4 * 1
-16 -3 18 0 0 1
+4 * 18 0 36
+4 +3 18 36
+4 * 18 36
+4 * 18
cfi=(23) ./elf/../include/rtld-malloc.h
cfn=(220) _dl_map_object_deps
calls=1 0x216c -15 
* * 501 159 93 19 3 2 18 1 2
+4 -29 1 0 0 1 0 0 1
+4 -1 1
+4 * 1
+4 +1 1 1
+4 * 1 0 0 1 0 0 1
+4 +1 1
+4 -1 1
+4 +1 1
+4 -2 1 0 1
+4 * 1
cfn=(67) __minimal_malloc'2
calls=1 0x9844 +6 
* * 15 4 3 1 0 1 1 0 1
fi=(23)
0x9e68 +3 1
fi=(22)
+4 +51 1
+4 +5 1
+4 -2 1 0 1 0 0 1 0 0 1
+4 +6 1 1
+4 -4 1
+4 +3 1 0 0 1 0 0 1
+4 -1 1 0 1
+4 -3 1 0 1 0 0 1 0 0 1
+4 +5 1
+4 * 1
+4 -2 1 0 1
+4 +2 1
cfi=(25) ./string/../sysdeps/aarch64/multiarch/../memcpy.S
cfn=(68) memcpy
calls=1 0x1c880 -32 
* * 20 3 3 3 1 1 3 1 1
+4 * 1 0 1
+4 +2 1 1
+4 * 1
+4 * 1 0 1
+4 +13 1 1
+4 * 1
+4 +6 1
+4 +2 1 1 0 0 1 0 0 1
+4 +3 1
+4 * 1 0 1 1 0 0 1
+4 -3 1
+4 * 1 0 1
+4 +3 1 1
+4 * 1
0xa018 +1 1 0 0 1 0 0 1
+4 * 1 0 1 0 0 1 0 0 1
+4 * 1
cfn=(59) _dl_new_object'2
calls=1 0x9ed4 +5 
* * 148 14 22 3 0 6 3 0 6
fe=(24)

fn=(67)
0x9820 35 1 0 2
+4 * 1
+4 * 1 0 2
+4 +1 1
+4 -1 1
+4 +1 1 1
+4 * 1
+4 * 1
+4 +11 1 1
+4 * 1
+4 * 1
+4 +1 1
+4 +2 1
+4 -3 1 0 1
+4 +3 1
+4 * 1
-24 -3 1 0 0 1 0 0 1
+4 * 1
+4 +1 1
+4 +2 1
+4 -3 1 0 1
+4 +3 1
+4 * 1
+4 * 2
+4 * 2
+4 * 2
0x98dc +18 2
+4 * 2 0 4 0 0 1 0 0 1
+4 +3 2 4
+4 * 2 4
+4 * 2

fn=(122) __minimal_free
0x9984 95 2 0 4 2 0 0 1
+4 * 2
+4 * 2 0 4
+4 +2 2
+4 * 2
+4 * 2 2
+4 * 2
+4 * 2
+4 +7 2 4
+4 * 2 4
+4 * 2

fn=(62) __minimal_calloc
0x9944 78 6 0 0 2 0 0 1
+4 +7 6
+4 +1 6
+4 * 6
+4 * 6
+4 -4 6
+4 +4 6
fi=(23)
+4 -30 6
+4 * 6 6
+4 * 6
+4 * 6
cfi=(24)
cfn=(66)
calls=6 0x9820 -21 
* * 385 61 79 15 3 13 15 3 13
fe=(24)

fl=(1) ./elf/../sysdeps/aarch64/dl-start.S
fn=(0) (below main)
0x1ad00 22 1 0 0 1 0 0 1
+4 +3 1
+4 +1 1
+4 +2 1
+4 +2 1
cfi=(2) ./elf/./elf/rtld.c
cfn=(2) _dl_start
calls=1 0x167c0 520 
* * 41874 9330 2501 570 285 252 515 247 238

fl=(58) ./io/../sysdeps/unix/sysv/linux/access.c
fn=(190) access
0x1b370 25 1 0 0 1 0 0 1
+4 +4 1
+4 * 1
+4 * 1
+4 * 1
+4 * 1
+4 * 1
+8 * 1
+4 * 1
+4 * 1
+4 * 1 0 1
+4 +2 1

fl=(20) ./elf/../sysdeps/nptl/dl-tls_init_tp.c
fn=(74) rtld_mutex_dummy
0x105c0 44 5 0 0 1
+4 * 5

fn=(54) __tls_pre_init_tp
0x105d0 59 1 0 0 1 0 0 1
+4 +1 1
+4 -6 1
+4 +5 1
+4 -5 1
+4 +5 1
+4 * 1 0 1
+4 -5 1
+4 +6 1 0 1
+4 -5 1
+4 -1 1
+4 +1 1
+4 +1 1 0 0 1 0 0 1
+4 -1 1
+4 +1 1
+4 -1 1 0 2 0 0 1 0 0 1
+4 * 1 0 2
+4 +1 1 0 1
+4 * 1 0 1
+4 +6 1

fl=(14) ./elf/./elf/dl-sort-maps.c
fn=(30) _dl_sort_maps_init
0xed94 295 1 0 2 1 0 0 1
+4 +1 1
+4 * 1
+4 -1 1
+4 +1 1
+4 * 1
cfi=(12) ./elf/./elf/dl-tunables.c
cfn=(32) __tunable_get_val
calls=1 0x12430 408 
* * 23 3 1 3 0 0 3
+4 * 1 1
+4 +1 1
+4 +1 1
+4 * 1
+4 -1 1 0 1
+4 +2 1 2 0 1 0 0 1
+4 * 1

fn=(222) _dl_sort_maps
0xedd0 304 1 0 2 1
+4 +8 1
+4 -8 1
+4 * 1 0 2
+4 * 1
+4 +8 1 1
+4 -8 1 0 2
+4 * 1
+4 * 1 0 2
+4 * 1
+4 * 1
+4 * 1 0 2
+4 * 1 0 2 1 0 0 1
+4 +8 1
0xefc4 +4 1
+4 * 1 2
+4 * 1 2
+4 * 1 2
+4 * 1 2
+4 * 1 2
+4 * 1 2
+4 * 1
+4 187 1 1 0 1 0 0 1
+4 -1 1
+4 +30 1
+4 -28 1
+4 * 1
+4 * 1
+4 * 1
+4 +1 1 1 0 1 0 0 1
+4 -1 1
+4 +1 1 1
+4 * 1
+4 * 1 0 1
+4 -1 1
-20 +1 3 3
+4 -1 3
+4 +1 3 3
+4 * 3
+4 * 3 0 3
+4 -1 3
+4 +28 1
+4 +8 1
+4 -8 1
+4 +8 1
+4 -8 1
+4 +8 1
+4 -8 1
+4 +8 1
+4 -3 1
+4 * 1
+4 -76 1 0 0 1 0 0 1
+4 +78 1 0 1
+4 -2 1 0 1
+4 +5 1
cfn=(223) _dl_sort_maps'2
calls=1 +12 +2 
* * 186 62 40 6 0 0 6

fn=(223)
0xf050 226 3
+4 * 3
+4 +2 4 4
+4 -83 4 4
+4 * 4
+4 * 4
+4 * 4
+4 * 4
+4 * 4
cfn=(224) dfs_traversal.part.0
calls=4 0xec80 -5 
* * 114 46 38 3 0 0 3
+4 +86 4 4
+4 * 4
+4 * 4
+4 +18 1 1 0 1 0 0 1
+4 * 1
0xf0e8 +13 1 0 0 1 0 0 1
+4 +54 1
0xf15c -47 1 0 0 1 0 0 1
+4 * 1
+4 * 1
+4 * 1
cfi=(25)
cfn=(68)
calls=1 0x1c880 72 
* * 14 2 2
+4 +13 1
+4 * 1 1
+4 * 1
+4 * 1

fn=(224)
0xec80 140 4 0 8 1 0 0 1
+4 * 4
+4 * 4 0 8
+4 * 4
+4 * 4 0 8
+4 * 4
+4 * 4
+4 +10 4 4
+4 -2 4 4
+4 * 4
+4 * 4 0 4
+4 +2 4
+4 +2 2 2
+4 * 2
+4 * 2
+4 * 2 0 2
+4 -7 2
+4 * 2 2
+4 * 2
+4 * 2
-8 * 1 1
+4 * 1
+4 * 1
+4 +7 3 3
+4 * 3
+4 * 3
+4 * 2 2
+4 +9 2
* * 2 0 0 1 0 0 1
+4 +15 4 4
+4 * 4
+4 * 4 0 4
+4 +2 4 8
+4 -1 4 0 4
+4 +1 4 8
+4 * 4 8
+4 * 4 0 0 1 0 0 1

fl=(38) ./elf/./elf/dl-debug.c
fn=(130) _dl_debug_state
0x1e10 117 1 0 0 1 0 0 1

fn=(164) _dl_debug_update
0x1e14 38 2
+4 +2 2
+40 +8 2
+4 -7 2 0 0 1 0 0 1
+4 * 2
+4 +3 2 2
+4 * 2

fn=(124) _dl_debug_initialize
0x1e80 56 1 0 0 1 0 0 1
+4 +3 1
+4 +26 1
+4 * 1
+4 -22 1 1 0 0 1 0 0 1
+4 +22 1 2
+4 -22 1
+4 +1 1
+4 * 1 0 1
+4 +21 1
+4 -28 1
+4 * 1
+4 +33 1
+12 +1 1
+4 +4 1 1 0 1 0 0 1
+4 -4 1
+4 * 1 0 1
+4 +1 1 0 2
+4 +3 1
0x1f84 +1 1 0 0 1 0 0 1
+4 * 1
+4 * 1
+4 * 1
+4 * 1
+4 * 1 1
+4 * 1
+4 * 1 0 1
+4 * 1
cfn=(125) _dl_debug_initialize'2
calls=1 0x1ed4 +3 
* * 2

fn=(125)
0x1ed4 99 1
+20 +8 1

fl=(21) ./elf/./elf/dl-environ.c
fn=(56) _dl_next_ld_env_entry
0x13ea0 29 3 3 0 1 0 0 1
+4 -1 3
+4 +4 3 3
+4 * 3
+4 * 1
cfn=(57) _dl_next_ld_env_entry'2
calls=1 +60 +17 
* * 1
+4 * 52 52
+4 * 52
+4 +2 54 54
+4 * 54 0 0 1 0 0 1
+4 * 54
+4 +1 7 7
+4 * 7
+4 * 7
+4 * 2 2
+4 * 2
+4 * 2
+4 +2 2
+4 +3 2
+4 * 2 0 2
+4 +9 2

fn=(57)
0x13eec 49 1

fl=(64) ./malloc/./malloc/scratch_buffer_set_array_size.c
fn=(218) __libc_scratch_buffer_set_array_size
0x1b620 30 1 0 2 1 0 0 1
+4 +4 1
+4 -4 1
+4 * 1 0 2
+4 +5 1
+4 -4 1
+4 -1 1
+4 +5 1
+4 * 1 0 0 1 0 0 1
+4 +10 1 1
+4 * 1
+4 * 1
+64 +1 1 0 0 1 0 0 1
+4 +17 1 2
+4 * 1 2
+4 * 1
cfi=(59) ./elf/./elf/dl-deps.c
cfn=(193) _dl_map_object_deps'2
calls=1 0x2200 201 
* * 1272 328 193 20 5 2 18 1 2

fn=(219) __libc_scratch_buffer_set_array_size'2
0x1b620 30 1 0 2
+4 +4 1
+4 -4 1
+4 * 1 0 2
+4 +5 1
+4 -4 1
+4 -1 1
+4 +5 1
+4 * 1
+4 +10 1 1
+4 * 1
+4 * 1
+64 +1 1
+4 +17 1 2
+4 * 1 2
+4 * 1

fl=(3) ./elf/./get-dynamic-info.h
fn=(4) _dl_start
0x16840 49 12
+4 * 12
+4 +3 1
+4 -1 1
+4 * 1
+8 +17 12 0 12 0 0 2 0 0 2
+4 -23 12 12 0 0 3 0 0 3
+4 * 12
0x16c40 +9 1
+4 * 1
+4 * 1
+4 +1 1
+4 * 1
cfn=(5) _dl_start'2
calls=1 0x16858 +13 
* * 41733 9313 2470 565 280 243 510 242 229

fn=(5)
0x16840 49 3
+4 * 3
+4 +3 3
+4 -1 3
+4 * 3
+8 +17 4 0 4 0 0 3 0 0 3
+4 -23 4 4 0 0 1 0 0 1
+4 * 4
fi=(4)
+4 +36 1
+4 * 1 1
fe=(3)
+4 +29 1 1
+4 -38 1
+4 * 1
+4 +12 1 1
+4 * 1
+16 +1 1 0 0 1 0 0 1
+4 * 1 1
+4 * 1
+4 * 1 1
+4 * 1
+4 * 1 0 1
+4 +1 1
+4 * 1 1
+4 * 1
+4 * 1 1
+4 * 1
+4 * 1 0 1
+4 +1 1
+4 * 1 1 0 1 0 0 1
+4 * 1
+4 * 1 1
+4 * 1
+4 * 1 0 1
+4 +1 1
+4 * 1 1 0 0 1 0 0 1
+4 * 1
+16 +1 1
+4 * 1 1
+4 * 1
+4 * 1 1
+4 * 1
+4 * 1 0 1 1 0 0 1
+4 +1 1
+4 * 1 1
+4 * 1
+4 * 1 1
+4 * 1
+4 * 1 0 1
+4 +1 1
+4 * 1 1
+4 * 1
+4 * 1 1
+4 * 1
+4 * 1 0 1
+4 +12 1
+4 * 1 1
+4 * 1
+4 * 1 1 0 1 0 0 1
+4 * 1
+4 +7 1
+4 +5 1 1
+4 * 1
+4 * 1
+4 +7 1
+4 * 1 1
+4 +1 1
+4 * 1 1
+4 * 1 1
+4 * 1
+4 * 1
+4 +6 1 1
+4 * 1
+24 +4 1 0 0 1 0 0 1
+4 * 1 1
+4 * 1
+4 +1 1 1
+4 * 1
+4 +5 1 1
+4 * 1
+16 +3 1
+4 * 1 1
+4 * 1 0 0 1 0 0 1
fi=(5) ./elf/../sysdeps/aarch64/dl-machine.h
+16 -75 1
+4 * 1 1
fi=(2)
+4 566 1
0x16a68 * 1 0 0 1 0 0 1
+4 * 1
+4 * 1
+4 * 1
+4 * 1
fi=(4)
+4 81 1 1
fi=(2)
+4 566 1 1 0 1 0 0 1
fi=(4)
+4 81 1
fi=(2)
+4 566 1 0 2 0 0 1 0 0 1
fi=(4)
+4 81 1
fi=(2)
+4 566 1 0 2 0 0 1 0 0 1
+4 * 1
+4 * 1 1
+4 * 1
+4 * 1
+4 * 1 1
+4 * 1
+4 * 1 1
+4 * 1
+4 * 1 1
+4 * 1
+4 * 1 0 2
+4 * 1 0 0 1 0 0 1
+4 * 1 1
+4 * 1 0 1
+4 * 1
+4 * 1
+4 * 1
+4 * 1 1
+4 * 1 1
+4 * 1
+4 * 1
+4 * 1
+4 * 1
+4 * 1 0 1
+4 * 1 1
+4 * 1
+4 * 1
+4 * 1 0 0 1 0 0 1
+4 * 1
+16 * 1
+4 * 1
fe=(3)
0x16c40 54 3
+4 * 3
+4 * 3
+4 +1 3
+4 * 3
cfn=(5)
calls=3 0x16858 +13 
* * 125121 27933 7404 1695 837 725 1530 723 683
fi=(2)
0x16dd0 566 1
+4 * 1 0 1
+4 * 1
cfi=(6) ./elf/./elf/do-rel.h
cfn=(10) _dl_start
calls=1 0x16b20 53 
* * 41566 9271 2450 554 278 238 499 240 224
fe=(3)
+4 103 1 0 0 1 0 0 1
+4 * 1 0 1
+4 * 1
cfn=(5)
calls=1 0x16948 +7 
* * 41637 9291 2459 560 278 240 505 240 226

fn=(78) dl_main
0x17be0 49 14
+4 * 14
+4 +3 1
+4 -1 1
+4 * 1
+8 +17 14 0 14 0 0 1 0 0 1
+4 -23 14 14 0 0 4 0 0 4
+4 * 14
0x18a40 +9 1
+4 * 1
+4 * 1
+4 +1 1
+4 * 1
cfn=(79) dl_main'2
calls=1 0x17bf8 +13 
* * 16948 3994 2121 437 163 184 382 125 170

fn=(79)
0x17be0 49 4
+4 * 4
+4 +3 4
+4 -1 4
+4 * 4
+8 +17 5 0 5 0 0 3 0 0 3
+4 -23 5 5 0 0 1 0 0 1
+4 * 5
+4 +27 1 1
+4 * 1
fi=(4)
+4 +9 1 1
fe=(3)
+4 -9 1
+4 +12 1 1
+4 * 1
+16 +1 1 1
+4 * 1
+4 * 1 1
+4 * 1
+4 * 1 0 1
+4 +1 1 1
+4 * 1 0 0 1 0 0 1
+4 * 1 1
+4 * 1
+4 * 1 0 1
+4 +1 1 1
+4 * 1
+4 * 1 1
+4 * 1
+4 * 1 0 1
+4 +1 1 1 0 0 1 0 0 1
+4 * 1
+16 +1 1 1
+4 * 1
+4 * 1 1 0 1 0 0 1
+4 * 1
+4 * 1 0 1
+4 +1 1 1
+4 * 1
+4 * 1 1
+4 * 1
+4 * 1 0 1
+4 +1 1 1
+4 * 1
+4 * 1 1
+4 * 1
+4 * 1 0 1
+4 +12 1 1
+4 +7 1 1
+4 -7 1
+4 * 1 1 0 1 0 0 1
+4 * 1
+4 * 1
+4 * 1 0 1
+4 +7 1
+4 +5 1 1
+4 * 1
+4 * 1
+4 +7 1 1
+4 * 1
+4 +1 1 1
+4 * 1 1
+4 * 1
+4 * 1
+4 +6 1 1
+4 * 1
+20 +18 1 1 0 1 0 0 1
+4 * 1
+4 +5 1 1
+4 * 1 0 1
+4 +2 1
+8 +2 1
+8 +2 1
+4 +1 1 0 1
+4 +3 1 1
+4 * 1
+4 +2 1 1 0 1 0 0 1
+4 * 1 0 1
+4 * 1
+4 +1 1
+12 +9 1
+4 * 1 1
+4 * 1
+4 +6 1
+4 +1 1 1
+4 * 1 0 1
+4 +3 1 1
+4 * 1
fi=(2)
+8 1717 1 1
+4 * 1 0 0 1 0 0 1
+64 +7 1 0 0 1 0 0 1
+4 * 1 0 2
+4 * 1
cfi=(8)
cfn=(14)
calls=1 0xebb0 28 
* * 24 7 6
+4 * 1 2
+4 +3 1 1
+4 * 1
+4 * 1
fi=(27) ./elf/./setup-vdso.h
+4 24 1
+4 * 1
+4 * 1 1
+4 * 1
fe=(3)
0x18a40 +30 4
+4 * 4
+4 * 4
+4 +1 4
+4 * 4
cfn=(79)
calls=4 0x17bf8 +13 
* * 67662 15966 8474 1748 651 728 1528 499 672
fi=(28) ./elf/../sysdeps/unix/sysv/linux/dl-vdso.h
0x18c88 -15 1 0 0 1 0 0 1
+4 * 1
+4 * 1 1
+4 +1 1
fi=(29) ./elf/../sysdeps/unix/sysv/linux/dl-vdso-setup.h
0x19234 -11 1
+4 * 1
+4 * 1
+4 * 1 0 1 1 0 0 1
+4 +3 1
+4 * 1
+4 * 1 0 1
fi=(28)
+4 +22 1
+4 * 1
cfi=(2)
cfn=(53) dl_main'2
calls=1 0x182fc 1752 
* * 16764 3945 2095 428 161 181 373 123 167
fe=(3)

fl=(8)
fn=(14)
0xebb0 28 4 4 0 1 0 0 1
+4 * 4
fi=(4)
+4 +53 4 4
fe=(8)
+4 -50 4 4
+4 * 4 0 0 2 0 0 1
+4 +1 4 4 0 0 3 0 0 3
+4 * 4 0 4 0 0 1 0 0 1
+4 +2 4 8 0 0 1 0 0 1
+4 +2 4
+4 * 4
+4 * 4
+4 +8 4
+4 -7 4 0 4
+4 +8 4
+4 -7 4
+4 +3 4
+4 -3 4 4
+4 +3 4
+4 -3 4 0 4
+4 +7 4
+4 -5 4 0 4 1 0 0 1
+4 +3 4 0 4
+4 +2 4 0 4
+4 +5 4

fl=(51) ./io/../sysdeps/unix/sysv/linux/fstatat64.c
fn=(170) fstatat
0x1b270 99 7 0 0 2 0 0 1
+4 * 7
+4 * 7
+4 * 7
+4 +70 7 0 0 1 0 0 1
+4 * 7
+4 * 4
+4 +1 4
+4 -2 3
+4 * 3
+4 +1 3
+4 -1 3 0 3
+4 +2 3

fl=(2)
fn=(150) map_doit
fi=(44) ./elf/./elf/dl-error-skeleton.c
0x14280 209 1 0 0 1 0 0 1
+4 * 1 2
+4 * 1 0 1
+4 +1 1 0 2
+4 * 1 0 1
+4 -25 1
+4 +34 1 1
+4 * 1 2
+4 * 1
fe=(2)
0x15fe0 644 1 0 2 1 0 1 1 0 1
+4 +2 1
+4 +1 1
+4 -3 1
+4 +2 1 1
+4 +1 1
+4 -3 1 0 1
+4 * 1
+4 +3 1 2 0 1 0 0 1
+4 -1 1
+4 +1 1
+4 * 1
cfi=(30)
cfn=(152) _dl_map_object
calls=1 0x7404 1971 
* * 2143 452 264 98 27 35 94 27 34

fn=(228) version_check_doit
0x166d4 677 1 0 2 1 0 0 1
+4 +2 1
+4 * 1
+4 -2 1
+4 * 1 0 1
+4 * 1
+4 +2 1 1
+4 * 1 1
+4 * 1
cfi=(65) ./elf/./elf/dl-version.c
cfn=(230) _dl_check_all_versions
calls=1 0x11150 392 
* * 5830 1571 445 60 45 27 58 29 19

fn=(52) dl_main
0x17050 196 1 0 0 1 0 0 1
+4 1359 1
+4 * 1 0 2 0 0 1 0 0 1
+4 * 1
+4 * 1 0 2 0 0 1 0 0 1
+4 * 1
+4 295 1
+4 1359 1 0 2
+4 2566 1
+4 1359 1 0 2
+4 * 1
+4 * 1 0 2
+4 * 1 0 2 1 0 0 1
+4 295 1 0 1
+4 * 1 0 1
+4 * 1 0 1
+4 +7 1 0 1
+4 1359 1 0 1 0 0 1 0 0 1
+4 * 1 0 1
+4 196 1 0 1
+4 +2 1 0 1
+4 301 1 0 1
+4 1370 1
cfi=(20)
cfn=(54)
calls=1 0x105d0 59 
* * 20 0 8 2 0 1 2 0 1
+4 2560 1
+4 +6 1 1
+4 -6 1 1
+4 * 1 0 1 0 0 1 0 0 1
+4 +6 1
0x174b8 2674 1 0 0 1 0 0 1
+4 * 1 0 1 0 0 1 0 0 1
+4 * 1 0 0 1 0 0 1
+4 * 1
+4 * 1
cfn=(53)
calls=1 0x170d0 2566 
* * 18349 4303 2254 500 186 206 445 148 192

fn=(53)
0x170d0 2566 1 0 0 1 0 0 1
+4 * 1
+4 * 1
+4 -4 1
+4 * 1 0 1
+4 +4 1 0 1
+4 +2 1 1
+4 * 1
cfi=(21)
cfn=(56)
calls=1 0x13ea0 29 
* * 55 20 1 2 0 0 2
-4 * 2 2
+4 * 2
cfi=(21)
cfn=(56)
calls=2 0x13ea0 29 
* * 260 101 1
+4 * 3
+4 +4 2 2
+4 -2 2
+4 +2 2
+4 * 2 0 0 1 0 0 1
+4 * 2
+4 +1 19
+4 -1 19 19
+4 * 19
+4 * 19
+4 * 19
+4 +3 2
+4 * 2
+4 +6 2
+4 * 2
+4 * 2
+4 * 1
+4 * 1
+76 2699 1 0 0 1 0 0 1
+4 * 1 1
+4 * 1
+4 +25 1
+4 * 1 1
+4 * 1
+4 * 1
+4 * 1
+4 1386 1
+4 * 1
+4 +1 1 1
+4 * 1
+4 -1 1 1
+4 +1 1
+4 * 1 1
+4 -1 1 1
+4 * 1 0 1 1 0 0 1
+4 +1 1
+4 * 1
0x172ac 2581 1 0 0 1 0 0 1
+4 * 1
+4 * 1
0x17368 * 1 0 0 1 0 0 1
+4 * 1
0x17434 * 1 0 0 1 0 0 1
+4 * 1
+4 +76 1 1
+4 * 1 0 0 1 0 0 1
+4 +1 1 1
+4 * 1
+4 * 1
+4 * 1
+4 * 1
+4 * 1
+4 * 1
0x178dc 1656 1 0 0 1 0 0 1
+4 * 1
+4 * 1
+4 * 1
+4 * 1
+4 * 1
+4 * 1 0 2
+4 * 1
+4 * 1
cfi=(22)
cfn=(58) _dl_new_object
calls=1 0x9df0 59 
* * 17828 4146 2244 485 186 206 430 148 192
0x179d8 1153 10 10 0 0 5 0 0 5
+4 * 10
+4 * 10
+4 * 10
+4 * 6
+4 * 6
+4 * 5
+4 * 5
+4 +20 1 1
+4 * 1 1 0 0 1 0 0 1
+4 +2 1 0 1 1 0 0 1
+4 +7 1 1
+4 -9 1
+4 -1 1 0 1 0 0 1 0 0 1
+4 +10 1
+4 +18 1
+4 * 1
cfn=(53)
calls=1 0x17a90 -48 
* * 17430 4086 2167 456 180 191 401 142 177
+4 -47 4
+4 * 4
+4 +56 2 2 0 0 1 0 0 1
+4 -1 2 2
+4 +1 2
+4 +1 2 2
+4 -2 2
+4 +2 2
+4 * 2
+4 +1 1 0 1 1 0 0 1
+4 +2 1 1
+4 * 1
-4 * 1 1
+4 * 1
+4 +1 2
+4 * 2
+4 * 2
+4 +4 2 2 0 0 1 0 0 1
+4 +1 2 2
+4 -1 2
+4 * 2
+4 +1 2
+4 * 2
+4 +1 2 0 2
+4 +1 2 2
+4 * 2
+4 * 1 1
+4 * 1
+4 * 1
+4 +5 2
+4 * 2
+4 -74 2
+4 * 2
+4 * 2
-8 * 9 0 0 1 0 0 1
+4 * 9
+4 * 9
+4 1265 1
+4 * 1
+4 * 1
+4 * 1
+4 * 1
cfn=(53)
calls=1 +12 * 
* * 17221 4050 2150 451 172 188 396 134 174
+4 -1 11
+4 * 11
+4 +1 11 11
+4 * 11
+4 * 11 0 0 1 0 0 1
+28 -1 1
+4 * 1
+4 +13 1 1
+4 * 1
+4 +2 1 1
+4 * 1
+4 * 1 0 1
+4 +1 1 1
+4 * 1
+12 +2 1 1 0 1 0 0 1
+4 * 1
+12 +2 1 1
+4 * 1
+4 * 1 1
+4 * 1
+4 1691 1 1
+4 * 1
+4 * 1 1
+4 * 1
+4 +1 1 1
+4 +1 1
+4 * 1 1 0 1 0 0 1
fi=(4)
+4 81 1 1
fe=(2)
+4 1692 1 1
+4 +2 1 1
+4 -1 1 1
+4 * 1
+8 +1 1
+4 * 1
+4 * 1 0 2
+4 -2 1
+4 * 1
cfi=(26)
cfn=(76)
calls=1 0x1c1c0 64 
* * 14 2 0 3 2 0 3 2
+4 * 1 2
+4 * 1
+4 +5 1
+4 * 1
+4 * 1 0 0 1 0 0 1
+4 +3 1
+4 -1 1 0 2
+4 +3 1 1
+4 -2 1 0 1
+4 +2 1
+4 +1 1 0 1
+4 +4 1 1
+4 * 1
+4 * 1 1
+4 * 1
+4 +2 1
fi=(3)
+4 39 1 1
+4 * 1
+4 +6 1 1 0 0 1 0 0 1
+4 -2 1
+4 +2 1 0 0 1 0 0 1
+4 +7 1
+4 +3 1
+4 -2 1
+4 -1 1
+4 +2 1
+4 +1 1
+4 -2 1
+4 -4 1
+4 * 1
-4 * 8
+4 * 8
+4 +3 1
+4 -1 1
+4 * 1
+8 +17 8 0 8 0 0 3 0 0 3
+4 -23 8 8 0 0 2 0 0 2
+4 * 8 0 0 1 0 0 1
fe=(2)
0x182fc 1752 1 1 0 1 0 0 1
fi=(29)
+4 45 1 0 0 1 0 0 1
+4 * 1
+4 * 1 0 2
fe=(2)
+4 1752 1
fi=(71) ./elf/./dl-main.h
+4 112 1 1
fi=(29)
+4 -67 1 0 1
fi=(71)
+4 +67 1 1
+4 * 1 1
+4 * 1 1
+4 * 1
cfi=(30)
cfn=(88) _dl_init_paths
calls=1 0x5b90 706 
* * 16753 3940 2092 426 161 181 371 123 167
fe=(2)
+36 1763 1 1
+4 +15 1
+4 * 1
+4 -15 1
+4 * 1
+4 +1 1
+4 -1 1 1
+4 +4 1 1
+4 -1 1 1
+4 -3 1
+4 * 1 0 1
+4 +4 1
+4 +11 1 1 0 0 1 0 0 1
+4 -12 1
+4 -2 1 0 1 1 0 0 1
+4 +2 1 0 1
+4 +1 1 0 1
+4 -2 1 0 1
+4 +13 1
+4 * 1
+4 +1 1 1
+4 * 1
+4 * 1
+4 +5 1 1
+4 * 1
+4 -3 1 1
+4 +9 1
+4 * 1
+4 -6 1 0 1 0 0 1
+4 * 1
+4 -3 1 0 0 1 0 0 1
+4 +2 1 0 1
+4 +6 1
+4 * 1
+4 * 1
+4 +1 1
+4 * 1
+4 * 1
+4 * 1 1 0 0 1 0 0 1
+4 * 1
+4 * 1
+4 +2 1 1
+4 * 1 1
+4 * 1
+4 +1 1 1
+4 -1 1 0 1 0 0 1 0 0 1
+4 +1 1 0 1 1 0 0 1
+4 +5 1 1
+4 * 1
+4 * 1 1 0 0 1 0 0 1
+4 * 1
+4 224 1 1
fi=(4)
+4 81 1 1
fe=(2)
+4 223 1 1 0 0 1 0 0 1
+4 +1 1 1
+4 * 1
+68 -1 1 1 0 1 0 0 1
+4 +2 1
+60 1807 1 0 0 1 0 0 1
+4 * 1
+4 * 1
+4 +5 1 1
+4 -1 1
+4 +1 1
+4 +24 1 0 2 1 0 0 1
+4 * 1
cfi=(39) ./elf/./elf/dl-tls.c
cfn=(126) _dl_count_modids
calls=1 0xf914 225 
* * 7 2 0 1 0 0 1
+4 * 1
fi=(40) ./elf/../sysdeps/generic/dl-debug.h
+4 29 1 2
+4 * 1 1
+4 * 1
+4 +1 1 0 1
fe=(2)
+4 1842 1
+4 * 1 0 1
+4 +1 1 0 2
+4 * 1
cfi=(38)
cfn=(130)
calls=1 0x1e10 117 
* * 1 0 0 1 0 0 1
+4 +5 1 1
+4 * 1
+4 * 1
+4 * 1
cfi=(41)
cfn=(132) _dl_audit_activity_map
calls=1 0x12b00 29 
* * 16 10 8 2 0 0 2
+4 +5 1 1
+4 * 1 2 0 1 0 0 1
+4 * 1
+4 +4 1 1
+4 -2 1
+4 +2 1
+4 +9 1 1
+4 * 1
+4 +16 1
+4 * 1
+4 * 1
+4 * 1
+4 * 1 0 2
+4 * 1
cfi=(58)
cfn=(190)
calls=1 0x1b370 25 
* * 12 0 1 1 0 0 1
+4 * 1 2
+4 * 1
+4 +76 1 1
+4 * 1 0 0 1 0 0 1
+4 +16 1
+4 * 1
+4 * 1 1
+4 * 1
+20 +10 1
+4 * 1 1
+4 * 1
+4 * 1
+4 * 1 0 2
+4 * 1
+4 * 1
+4 * 1 0 0 1 0 0 1
+4 * 1
cfi=(59)
cfn=(192) _dl_map_object_deps
calls=1 0x2020 144 
* * 12386 2902 1391 215 119 114 166 85 103
0x185ec +14 2
+4 * 2
+4 * 2
+4 +1 3 3
+4 * 3
+4 * 3 0 0 1 0 0 1
+4 * 3
+4 +46 1 1 0 0 1
+4 -42 1
+4 * 1
+4 +8 1 1
+4 * 1
+4 * 1
+4 * 1 1
+4 * 1 0 1
+4 +1 1
+4 +2 1
+4 +2 1
+4 * 1
+4 * 1
+8 +2 1 0 0 1 0 0 1
+4 -4 1 1
+4 +4 1
+4 -4 1
+4 +4 1 1
+4 -4 1 0 1
+4 +5 1 1
+4 -1 1
+16 +14 1
+4 * 1
+4 +2 1 1
+4 -1 1
+4 * 1 0 1
+4 +1 1 0 0 1 0 0 1
+4 * 1 1
+4 * 1
+20 -25 1
+4 +36 1
+4 +2 1
+4 * 1 1
+4 -2 1
+4 +1 1
+4 -1 1 0 1
+4 +1 1
+4 * 1 0 1
+4 +1 1 0 0 1 0 0 1
+4 * 1
+4 * 1
+4 * 1 0 2
+4 * 1
cfi=(44)
cfn=(226) _dl_receive_error
calls=1 0x14330 238 
* * 5858 1575 456 64 45 29 62 29 19
0x18920 1153 4 0 0 1 0 0 1
+4 * 4
+4 * 3
+4 * 3
+4 1258 1 1 0 0 1 0 0 1
+4 * 1 0 1
+4 +1 1 1
+4 * 1 0 1
+4 +1 1
cfn=(53)
calls=1 0x17a90 1152 
* * 17229 4050 2150 451 172 188 396 134 174
+4 1153 2 0 0 1 0 0 1
+4 * 2
+4 +79 1 1
+4 * 1
+4 +6 1 0 1 0 0 1 0 0 1
+4 +11 1 1
+4 * 1
+4 -10 1 1
+4 * 1 0 1
+4 -82 1 1
+4 +87 1
+4 * 1
+4 * 1
+4 * 1
+4 * 1 0 1
+4 +5 1
+4 -4 1 1
+4 +1 1 0 1 0 0 1 0 0 1
+4 -1 1 0 1
+4 +4 1 0 1
+4 * 1 0 1 0 0 1 0 0 1
+4 * 1
cfn=(53)
calls=1 0x17a90 -97 
* * 17270 4056 2153 451 175 188 396 137 174
+4 +5 1 1
+4 * 1 0 1
+4 +1 1
cfn=(53)
calls=1 0x17a90 1152 
* * 17245 4053 2152 451 174 188 396 136 174
+4 -92 1 1 0 1 0 0 1
+4 -1 1 1
+4 +1 1
+4 -1 1 1
+4 +1 1
+4 * 1 1
+4 * 1
+4 -1 1
+4 * 1 0 1
+4 +1 1 0 1
+4 +1 1
cfn=(53)
calls=1 0x17a90 -12 
* * 17329 4064 2160 453 178 191 398 140 177
fi=(3)
0x18a40 54 1 0 0 1 0 0 1
+4 * 1
+4 * 1
fe=(2)
+92 2343 1 1 0 1 0 0 1
+4 * 1
cfn=(53)
calls=1 0x184a8 1807 
* * 15058 3556 1770 348 149 163 295 113 150
0x18b10 2602 1 1 0 1 0 0 1
+4 * 1
+4 * 1
+4 * 1
+4 * 1
+4 +7 1
+4 * 1
+4 * 1
+4 * 1
0x18be8 225 1 0 0 1
+4 * 1
cfn=(53)
calls=1 0x18468 -2 
* * 15062 3558 1770 350 149 163 297 113 150
fi=(3)
+4 56 1 0 0 1 0 0 1
+4 * 1
+4 * 1
+4 * 1
+4 +3 1 0 0 1 0 0 1
+4 * 1
+4 * 1
+4 * 1
+4 * 1
fe=(2)
0x19068 1222 1 0 1 1 0 0 1
+4 * 1
cfn=(53)
calls=1 0x17a88 +4 
* * 17390 4077 2164 454 179 191 399 141 177
+4 -7 1
+4 * 1 0 1
+4 * 1
cfn=(53)
calls=1 0x17a58 +3 
* * 17360 4072 2163 454 179 191 399 141 177
0x191f0 2658 1 1 0 1 0 0 1
+4 * 1
+4 * 1
+4 * 1
+4 * 1 0 0 1 0 0 1
+4 +2 1
+4 +1 1
+4 * 1
+4 -1 1 0 1
+4 +1 1 0 1
+4 +1 1
cfn=(53)
calls=1 0x170e8 -94 
* * 18188 4266 2249 490 186 206 435 148 192
0x19584 -53 1 1 0 1 0 0 1
+4 * 1
+4 * 1
+4 * 1
+4 * 1 1
+4 * 1
+4 * 1
+4 +2 1
+4 * 1 0 1
+4 +1 1
cfn=(53)
calls=1 0x170e8 -44 
* * 17865 4155 2247 488 186 206 433 148 192
fi=(3)
+60 62 1 0 0 1 0 0 1
+4 * 1
+4 * 1
+4 * 1
+4 * 1
+4 +2 1
+4 * 1
+4 * 1 0 0 1 0 0 1
+4 * 1
cfn=(78)
calls=1 0x17bf8 +4 
* * 17026 4008 2135 437 167 185 382 129 171
fe=(2)
+36 1962 1
+4 +1 1
+4 -1 1
+4 * 1
+4 * 1
+4 * 1
+4 +4 1 0 0 1 0 0 1
+4 * 1
+4 * 1 0 1 0 0 1
+4 +1 1 1
+4 +1 1
+4 -6 1
+4 +7 1
+4 * 1
0x1985c 1861 1 0 0 1 0 0 1
+4 * 1
+4 * 1
+4 * 1 0 2
+4 * 1
cfn=(134) handle_preload_list
calls=1 0x16f00 877 
* * 15002 3535 1754 340 149 163 287 113 150

fn=(2)
0x167c0 520 1 0 2 1 0 1 1 0 1
+4 +29 1
+4 * 1
+4 -29 1
+4 * 1 0 2 0 0 1 0 0 1
+4 +26 1
+4 * 1
+4 -26 1 0 2
+4 * 1 0 2
+4 * 1
+4 * 1 0 2
fi=(5)
+4 48 1
+4 * 1
fe=(2)
+4 520 1 0 2
fi=(3)
+4 45 1 1 0 0 1 0 0 1
fe=(2)
+4 546 1 0 1 0 0 1 0 0 1
+4 +4 1 1 0 1 1 0 1 1
+4 -30 1 0 1
+4 +30 1
+4 -1 1 0 1 0 0 1 0 0 1
+4 +1 1 0 1
fi=(3)
+4 45 1
+4 +23 1
+4 -16 1
+4 +3 1
+4 -2 1
+4 +15 1
+4 -16 1
+4 +2 1
+4 +1 1
+4 -2 1
+4 * 1
+4 -4 1 0 0 1 0 0 1
+4 * 1
-4 * 3
+4 * 3
+4 +3 1
+4 -1 1
+4 * 1
+8 +17 3 0 3 0 0 3 0 0 3
+4 -23 3 3
+4 * 3
0x16c40 +9 1 0 0 1 0 0 1
+4 * 1
+4 * 1
+12 +2 1
+4 * 1
+4 * 1
+4 * 1
+16 +3 1
+4 * 1
+4 * 1
+4 * 1
+4 * 1 0 0 1 0 0 1
+20 +3 1
+4 * 1
+4 * 1
+4 * 1
+4 * 1
+4 +2 1
+4 * 1
+4 * 1
+4 * 1
cfn=(4)
calls=1 0x16858 +4 
* * 41801 9325 2482 565 283 245 510 245 231
fe=(2)

fn=(3) _dl_start'2
0x16c20 566 1
+4 * 1
0x16d10 +2 1 0 0 1 0 0 1
+4 460 1
+4 +18 1
+4 +90 1 1
+4 * 1
+4 * 1 0 1
+4 +13 1
cfi=(7) ./elf/./elf/dl-minimal.c
cfn=(12) __rtld_malloc_init_stubs
calls=1 0x14e20 43 
* * 14 0 4 2 0 2 2 0 2
+4 460 1
+4 * 1
+4 * 1
+4 +18 1
+4 +1 1
+4 -19 1 0 1 1 0 0 1
+4 +18 1
cfi=(8)
cfn=(14)
calls=1 0xebb0 28 
* * 24 7 6 3 1 1 3 1 1
+4 +1 1 0 1
+4 +18 1 1
+4 -16 1
+4 +1 1
+4 -1 1
+4 +1 1
+4 +9 1
+4 -11 1 0 1 0 0 1 0 0 1
+4 +11 1 0 1
+4 +6 1
+4 * 1
+4 -16 1 0 1
+4 +1 1 0 1
+4 +15 1
cfi=(9) ./elf/../sysdeps/unix/sysv/linux/dl-sysdep.c
cfn=(18) _dl_sysdep_start
calls=1 0x155e0 102 
* * 41123 9164 2405 543 260 227 488 222 213

fn=(138) do_preload
0x160a0 812 1 0 2 1 0 0 1
+4 * 1
+4 +8 1
+4 -8 1
+4 * 1 0 2
+4 +10 1
+4 * 1
+4 -10 1
+4 +12 1 0 0 1 0 0 1
+4 * 1
+4 * 1
+4 * 1
+4 * 1
+4 -12 1 0 2
+4 * 1
+4 +10 1 1
+4 +2 1
+4 -6 1 0 2
+4 +1 1 0 1
+4 +1 1 0 1
+4 +4 1
cfi=(44)
cfn=(142) _dl_catch_error
calls=1 0x142d4 225 
* * 2240 483 310 109 28 40 105 27 39
* * 4 1 0 1 0 0 1
0x16f84 +76 1
+4 -18 1 1
+4 * 1
0x17008 +21 1 2 0 1 0 0 1
+4 * 1
+4 * 1 2
+4 * 1
+4 * 1 2
+4 * 1 2
+4 * 1 2
+4 * 1
+4 * 1

fn=(242) print_missing_version
0x16070 2446 1 0 0 1 0 0 1
+4 * 1
+4 * 1
+4 * 1
+4 * 1 1 0 1
+4 * 1
+4 * 1
+4 * 1
+4 * 1 1
+4 * 1
+4 * 1
+4 * 1
cfi=(68) ./elf/./elf/dl-printf.c
cfn=(244) _dl_error_printf
calls=1 0xbdb0 274 
* * 2248 648 121 24 10 6 23 7 5

fn=(134)
0x16f00 877 1 0 0 1 0 0 1
+4 * 1
+4 * 1 0 2 0 0 1 0 0 1
+4 * 1
+4 * 1 0 2
+4 * 1
+4 * 1 0 2 0 0 1 0 0 1
+4 +5 1 1
+4 * 1
+4 +6 1
+4 -10 1
+4 * 1 0 2
+4 * 1
+4 * 1
+4 +7 1
+4 182 1
+4 * 1 0 2 1 0 0 1
+4 * 1
+4 * 1
+4 * 1
cfn=(135) handle_preload_list'2
calls=1 +68 885 
* * 2542 623 347 119 30 46 115 28 45
0x19870 1861 1 2
+4 * 1
+4 * 1
cfn=(53)
calls=1 0x18514 +5 
* * 12437 2909 1397 219 119 115 170 85 103

fn=(135)
0x16f6c 899 1 1
+4 * 1
+4 +1 1
+4 * 1
+4 * 1
+4 * 1
cfn=(138)
calls=1 0x160a0 -88 
* * 2277 496 320 113 28 40 109 27 39
+16 -15 1 0 0 1 0 0 1
+4 * 1
+4 * 1
cfi=(42) ./string/./string/strcspn.c
cfn=(136) strcspn
calls=1 0x1c300 32 
* * 227 120 22 4 1 5 4 1 5
+4 * 1
+4 +1 1
+4 * 1
+4 * 1
+4 +2 1
+4 +7 1
+4 -7 1
+4 * 1
+4 * 1
cfi=(25)
cfn=(68)
calls=1 0x1c880 72 
* * 14 4 4 0 0 1 0 0 1
+4 +1 1 0 1 1 0 0 1
+4 182 1 1 0 0 1
+4 896 1 1
+4 +1 1
+4 * 1
+4 182 1

fl=(16) ./elf/../sysdeps/unix/sysv/linux/aarch64/cpu-features.c
fn=(38) _dl_sysdep_start
0x156f0 103 1
+4 +3 1
+4 * 1
+4 * 1
+4 * 1 0 0 1 0 0 1
+4 * 1 0 1
+4 -3 1 0 1
+4 +3 1
cfi=(12)
cfn=(40) __GI___tunable_set_val
calls=1 0x11d84 +52 
* * 34 4 4 3 0 0 3
+4 +3 1 1
+4 +2 1
+4 -2 1
+4 +7 1
+4 -1 1
+4 +4 1
+32 +7 1 0 0 1 0 0 1
+4 * 1 1
+4 +3 1 1
fi=(9)
+4 -7 1 1
fe=(16)
+4 +4 1
+4 +3 1
+4 -3 1 0 1
+4 +3 1 0 1
fi=(9)
+4 -7 1
+4 +1 1
cfi=(18) ./string/../sysdeps/aarch64/multiarch/../strlen.S
cfn=(48) strlen
calls=1 0x1cbc0 -72 
* * 13 1 0 1 0 0 1
+4 * 1 0 1
+4 +2 1
+4 * 1
cfi=(19) ./elf/../misc/sbrk.c
cfn=(50) sbrk
calls=1 0x1a4c0 -88 
* * 15 6 5 2 0 0 2
+4 * 1
+4 * 1
+4 * 1 0 0 1 0 0 1
+4 * 1
+4 +12 1 1
+4 * 1
+4 +3 1
+4 * 1 1
+4 * 1 1
+4 * 1
+4 * 1 1
+4 * 1
cfi=(2)
cfn=(52)
calls=1 0x17050 +56 
* * 18402 4305 2285 506 186 212 451 148 198
fe=(16)

fl=(57)
fn=(186)
0x1b3b0 26 3 0 0 1 0 0 1
+4 * 3
+4 * 3
+4 * 3
+4 * 3 0 0 1 0 0 1
+4 +1 3

fl=(50)
fn=(168)
0x1b220 29 3 0 0 1 0 0 1
+4 +1 3
+4 +5 3
+4 * 3
+4 * 3
+4 * 3
cfi=(51)
cfn=(170)
calls=3 +60 +64 
* * 24 0 0 2 0 0 2

fl=(47)
fn=(158)
0x1b500 28 7 0 0 1 0 0 1
+4 * 7 0 7
+4 * 7
+4 * 7
+4 +3 7
+4 * 7
+4 * 7
+4 * 7
+4 * 7
+4 * 7
+4 +8 7
+4 * 7
+4 * 7
+4 * 7
+4 * 7
+4 +2 3
+4 * 3 0 0 1 0 0 1
+52 -2 4
+4 * 4
+4 * 4
+4 * 4 0 4
+4 +2 4
+4 * 4

fl=(25)
fn=(68)
0x1c880 72 32 0 0 1 0 0 1
+4 +5 32
+4 +1 32
+4 +1 32
+4 +1 32
+4 +1 32
+4 +1 32
+4 +3 24
+4 +1 24
+4 +1 4 4
+4 +1 4 4
+4 +1 4 0 4 0 0 1 0 0 1
+4 +1 4 0 4
+4 +1 4
+4 +4 20
+4 +1 15 15
+4 +1 15 15 0 1
+4 +1 15 0 15 0 0 5 0 0 5
+4 +1 15 0 15
+4 +1 15
+4 +4 5 0 0 1 0 0 1
+4 +1 2 2
+4 +1 2 2
+4 +1 2 0 2
+4 +1 2 0 2
+4 +1 2
+4 +4 3
+4 +1 2
+4 +1 2 2 0 0 2 0 0 2
+4 +1 2 2
+4 +1 2 2
+4 +1 2 0 2 0 0 2 0 0 2
+4 +1 2 0 2 1 0 0 1
+4 +1 2 0 2
+4 +2 2
* * 1
+8 +5 8 16
+4 +1 8 16
+4 +1 8
+4 +1 8
+4 +1 8 0 16 0 0 7 0 0 6
+4 +1 8 0 16 0 0 2 0 0 2
+4 +1 8

fl=(30)
fn=(106) fillin_rpath.isra.0
0x56c0 468 1 0 2 1 0 0 1
+4 * 1
+4 * 1 0 2
+4 * 1
+4 +4 1
+4 -4 1 0 2
+4 +41 1
+4 * 1
+4 * 1
+4 -41 1 0 2
+4 +64 1
+4 * 1
+4 -64 1 0 2
+4 * 1 0 2
fi=(23)
+4 50 1
fe=(30)
+4 468 1 0 1
+4 * 1 0 2 1 0 0 1
+4 * 1 0 2
+4 +6 1
+4 * 1 1
+4 * 1
cfi=(7)
cfn=(108) strsep
calls=1 0x152d4 242 
* * 194 45 1 2 1 0 2 1
+4 * 1
+4 * 1
+4 +7 1 1
+4 * 1
+4 +2 1 1
+4 * 1
+4 * 1
cfn=(110) expand_dynamic_string_token
calls=1 0x55a0 -98 
* * 112 25 23 8 0 1 8 0 1
+4 * 1
+4 +4 1
+4 +5 1
cfi=(18)
cfn=(48)
calls=1 0x1cbc0 51 
* * 13 1
+4 * 1
+4 +1 1 0 0 1 0 0 1
+68 +7 1
+4 * 1 1
+4 * 1
+4 * 1
+8 * 1 0 0 1 0 0 1
+4 * 1
0x5920 +5 1 0 0 1 0 0 1
+4 * 1
+4 * 1 0 1
+4 * 1
+4 * 1
cfn=(107) fillin_rpath.isra.0'2
calls=1 0x57b0 +4 
* * 159 49 27 6 0 1 6 0 1
0x5e30 847 1 1
+4 * 1 1
+4 * 1
+4 +6 1
+4 * 1
+4 * 1 0 1
+4 +4 1
+4 * 1 2
+4 * 1 2 0 0 1
+4 * 1 2
+4 * 1 2
+4 * 1 2
+4 * 1 2
+4 * 1

fn=(107)
0x5708 474 1
+4 * 1 1
+4 * 1
cfi=(7)
cfn=(108)
calls=1 0x152d4 242 
* * 6 2
+4 * 1
+4 * 1
+76 +97 1 0 1
+4 +3 1 2
+4 * 1 2
+4 * 1 2
+4 * 1 2
+4 * 1 2
+4 * 1 2
+4 * 1
+48 -65 1 1
+4 * 1
+8 * 4 4
+4 * 4
+4 +1 4 4 0 1 0 0 1
+4 * 4
+4 * 4
0x5830 +18 1 1 0 1 0 0 1
+4 * 1 0 1
+4 * 1
+16 +4 1 1 0 1 0 0 1
fi=(23)
+4 56 1
fe=(30)
+4 532 1 1
fi=(23)
+4 56 1 1
fe=(30)
+4 532 1
+4 * 1
+4 * 1
fi=(23)
+4 56 1
+4 * 1
cfi=(24)
cfn=(66)
calls=1 0x9820 -21 
* * 24 6 7
+4 * 1
fe=(30)
+4 534 1
+4 +5 1 1
+4 +1 1
+4 * 1
+4 -1 1 0 0 1 0 0 1
+4 * 1
+4 -1 1 0 1
+4 +2 1
cfi=(25)
cfn=(68)
calls=1 0x1c880 72 
* * 15 2 2 0 0 1 0 0 1
+4 * 1 0 1
+4 +3 1
+4 -2 1 0 1
+4 +2 1 1
+4 * 1
+4 * 1
+8 +6 1 1
+4 +1 1 1
+4 -1 1
+4 * 1
+4 * 1
+4 +1 1 0 0 1 0 0 1
+4 * 1
+4 * 1
+4 * 1
+4 +1 1 0 1
+4 -1 1
+4 * 1
+4 * 1
-12 +1 3 0 3
+4 -1 3
+4 * 3
+4 * 3
+4 +3 1 2
+4 * 1 0 1
+4 +1 1
+28 +7 1 1
+4 * 1 0 1
+4 -6 1 0 1
+4 +7 1 0 1
+4 +3 1 0 1
+4 * 1
+4 * 1
cfi=(23)
cfn=(120) fillin_rpath.isra.0
calls=1 0x5810 50 
* * 34 21 5 1 0 0 1
+24 -60 1
+4 * 1
cfn=(107)
calls=1 -52 +56 
* * 41 22 9 1 0 0 1

fn=(110)
0x55a0 385 2 0 4 1 0 1 1 0 1
+4 * 2
+4 * 2 0 4
+4 * 2
+4 * 2 0 4
+4 * 2
+4 +10 2
+4 * 2
cfn=(112) _dl_dst_count
calls=2 0x5370 238 
* * 82 13 8 5 0 1 5 0 1
+4 +3 2 0 0 1 0 0 1
+4 +12 2 4
+4 -11 2
+4 +11 2 4
+4 * 2 4
+4 -11 2
cfi=(36) ./string/./string/strdup.c
cfn=(116) strdup
calls=2 0x1c420 40 
* * 154 33 28 3 0 3 3 0 2

fn=(112)
0x5370 238 5 0 10 1 0 2 1 0 2
+4 +3 5
+4 -3 5
+4 * 5 0 10
+4 +7 5 0 0 2 0 0 1
+4 -4 5
cfi=(35) ./string/../sysdeps/aarch64/strchr.S
cfn=(114) index
calls=5 0x1c100 54 
* * 144 11 0 4 1 0 3 1
+4 +3 5
+4 +20 5
+4 * 5 10
+4 * 5 10
+4 * 5

fn=(88)
0x5b90 706 1 0 2 1 0 0 1
+4 +14 1
+4 -14 1
+4 * 1 0 2
+4 +14 1
+4 -14 1 0 2
+4 * 1 0 2
+4 * 1 0 2
+4 * 1 0 2
fi=(23)
+4 56 1
fe=(30)
+4 706 1 0 2
+4 +14 1
+4 * 1 0 0 1 0 0 1
+4 * 1
+4 * 1
+4 * 1
cfi=(31) ./elf/./elf/dl-hwcaps.c
cfn=(90) _dl_important_hwcaps
calls=1 0x14430 175 
* * 1575 353 292 65 6 16 64 5 16
fi=(2)
0x18328 1752 1 1 0 0 1
+4 * 1
+4 * 1
cfi=(38)
cfn=(124)
calls=1 0x1e80 56 
* * 30 5 5 3 1 0 3 1
+4 * 1
+4 +7 1 1
+4 -5 1 0 1
+4 +5 1 2 0 1 0 0 1
+4 * 1
0x19278 +3 1 1
+4 * 1 1
+4 * 1 0 1 1 0 0 1
+4 * 1
cfn=(53)
calls=1 0x18348 +1 
* * 15120 3576 1779 354 153 165 300 117 151
fe=(30)

fn=(89) _dl_init_paths'2
0x5c80 767 3
+4 +1 3 3
+4 * 3
+4 * 3
+4 * 3
cfi=(10)
cfn=(22)
calls=3 0x1ca80 42 
* * 45 0 12 0 0 1 0 0 1
+4 +2 3
+4 * 3
+4 * 2
+4 -8 2 2
+4 +8 2 0 2
+4 -14 2 0 2
+4 +7 2
+4 -4 2 0 4 0 0 1 0 0 1
+4 +4 2
+4 -1 2 0 4 0 0 1 0 0 1
+4 +4 2 2
+4 * 2
+4 * 2
+4 -3 2
+4 * 2
cfn=(89)
calls=2 -76 +4 
* * 1553 349 188 60 4 5 58 2 5
+4 +19 1
+4 -6 1
+4 +6 1 1
+4 +3 1
+4 * 1
+4 -15 1 0 1
+4 +15 1
+4 -8 1 0 1
+4 +8 1
+4 -9 1
+4 * 1 0 1
+4 +11 1 1
+4 * 1 0 0 1 0 0 1
+4 * 1
+4 * 1
+4 +2 1 1
+4 * 1
+68 +36 1 1 0 1 0 0 1
+4 * 1
+4 * 1 1
+4 * 1
+60 +2 1 1 0 1 0 0 1
+4 * 1
+4 * 1
cfi=(18)
cfn=(48)
calls=1 0x1cbc0 51 
* * 20 2 0 2 0 0 1
+4 * 1
+4 * 1
+4 * 1
+4 * 1
+4 * 1
+4 * 1
+4 * 1 0 0 1 0 0 1
cfi=(25)
cfn=(68)
calls=1 0x1c880 72 
* * 15 2 2
+4 +5 1 1
+4 -5 1
+4 +5 1
+4 * 1
+4 -1 1
+4 +2 1
+4 -1 1 1
+4 +1 1
+4 +1 1
+4 * 1
+4 -2 1
-20 +1 13
+4 -1 13 13
+4 +1 13
+4 +1 13
+4 * 13
+4 -2 13
+4 +5 1
+4 * 1
fi=(23)
+4 56 1 1
fe=(30)
+4 836 1
+4 * 1 0 0 1 0 0 1
fi=(23)
+4 56 1
cfi=(24)
cfn=(66)
calls=1 0x9820 -21 
* * 24 6 7
+4 * 1
fe=(30)
+4 836 1 0 1
+4 +2 1
+4 +6 1 1
+4 * 1
+4 * 1
+4 * 1
+4 * 1
+4 * 1
+4 * 1
cfn=(106)
calls=1 0x56c0 468 
* * 536 138 70 21 2 2 21 1 2
+60 -36 1 1 0 1 0 0 1
+4 -2 1
+4 * 1 0 1
+4 +2 1
+92 +14 1 0 1 1 0 0 1
+4 * 1
cfn=(89)
calls=1 0x5d54 +3 
* * 714 168 80 27 2 2 26 1 2

fn=(162) _dl_map_object_from_fd
0x6060 944 2 0 4 1 0 1 1 0 1
+4 * 2
+4 * 2 0 4
+4 * 2
+4 * 2
+4 * 2 0 4
+4 * 2 0 4
+4 * 2
+4 * 2 0 0 1 0 0 1
+4 * 2 0 4 0 0 1 0 0 1
+4 * 2
+4 * 2
+4 * 2 0 4
+4 * 2
+4 * 2 2
+4 * 2 0 2 0 0 1 0 0 1
+4 * 2 0 2
+4 +10 2
+4 * 2
cfi=(38)
cfn=(164)
calls=2 0x1e14 38 
* * 14 2 0 1 0 0 1
+4 +7 2
+4 * 2 0 2
+4 -7 2 0 2
+4 +7 2
+12 +85 2 0 0 1 0 0 1
+4 * 2 0 2
+4 * 2
+4 +10 2
+4 * 2 2
+4 * 2
+4 +7 2 2
+4 * 2
+4 * 2
+4 * 2
+4 * 2
+4 * 2
+4 * 2
cfi=(22)
cfn=(59)
calls=2 0x9df0 59 
* * 3015 615 507 82 56 79 65 55 79
fi=(49) ./elf/../sysdeps/posix/dl-fileid.h
0x65ac 37 2 0 0 1 0 0 1
+4 * 2
+4 * 2
cfi=(50)
cfn=(168)
calls=2 0x1b220 -8 
* * 28 0 0 3 0 0 3
+4 * 2
fe=(30)
+4 999 2
+4 * 2 0 0 1 0 0 1
+4 * 2
+4 * 2
fi=(49)
+4 41 2 4
+4 * 2 0 4
fe=(30)
+4 999 2 2
+4 * 2
+8 * 5 5
+4 * 5
+4 +1 5 5
+4 * 5
fi=(49)
+4 49 5 5 0 0 2 0 0 1
+4 * 5
+4 * 5
+4 * 1 1
+4 * 1
+4 * 1
fe=(30)
0x6b28 1018 2 0 0 2 0 0 1
0x75f0 2272 2
+4 * 2
cfn=(153) _dl_map_object'2
calls=2 0x74f4 +2 
* * 18 24

fn=(163)
0x61b0 1111 10
+4 * 10
+4 * 8
+4 * 8
+4 +20 1 1
+4 * 1 0 1
+4 -21 1
+4 * 1
+4 * 1
-8 * 14
+4 * 14
+4 * 14
+4 +1 17 17 0 1 7 0 1 7
+4 * 17
+4 * 17
+4 * 16
+4 * 6
+4 * 6
+4 * 4
+4 * 4
+4 1223 2 2 0 0 2 0 0 2
+4 * 2 0 2 0 0 1 0 0 1
+4 1110 2
+4 1224 2 2 0 2 0 0 1
+4 * 2 0 2
+4 1110 2
+4 * 2
+4 1228 2 2
+4 * 2
+4 * 2
+4 +10 2
+4 +1 2
+4 -1 2
+4 +1 2 0 2
+4 -1 2
+4 * 2
-16 +1 2
+4 -1 2
+4 +1 2 0 2
+4 -1 2
+4 * 2
+4 +7 2 2
+4 * 2
+4 * 2
+4 +10 2 2 0 2 0 0 1
+4 * 2
+4 * 2
+4 +7 2
+4 * 2
+4 * 2 2
+4 * 2
fi=(53)
+4 28 2 2
fe=(30)
+4 1262 2 2
+4 * 2
fi=(53)
+4 28 2
+4 * 2
fe=(30)
0x6438 1111 7 0 0 2 0 0 1
+4 * 7
+4 +26 4 8 0 2 1 0 1 1
+4 * 4
+4 * 4
+4 * 4
+4 +12 4 8 0 0 3 0 0 3
+4 * 4
+4 * 4
+4 -3 4
+4 +5 4 4
+4 * 4
+4 -5 4 0 4 0 0 2 0 0 2
+4 +1 4
+4 +2 4
+4 -2 4
+4 +2 4 0 4 0 0 4 0 0 4
+4 -2 4
+4 +1 4 0 8 2 0 0 1
+4 +3 4
+4 -6 4
+4 +6 4
+4 * 4
+4 * 4
+4 * 4
+4 +2 4
+4 * 4
+4 * 4
+4 * 4 0 4
+4 +13 4
+4 * 4
+4 * 2 2
+4 +1 2
+4 * 2
+4 +5 2
+4 +1 2 2
+4 -28 2
+4 +27 2
+4 +1 2
+4 * 2
+4 * 2
+4 -1 2 0 2
+4 +11 2
cfn=(163)
calls=2 0x61c8 -73 
* * 952 166 253 32 9 40 24 9 40
-32 -11 2 0 0 1 0 0 1
+4 +1 2 2
+4 -28 2
+4 +27 2
+4 +1 2
+4 * 2
+4 * 2
+4 -1 2 0 2
+4 +11 2
cfn=(163)
calls=2 0x61c8 -73 
* * 1060 182 265 32 11 42 24 11 42
+4 +3 1 1
+4 * 1
+4 +4 1 0 1 0 0 1 0 0 1
+4 +14 1 1
+4 -13 1 1 0 0 1 0 0 1
+4 * 1 0 1
+4 +13 1
+4 -80 1 1 0 1 0 0 1
+4 +71 1
+4 * 1
+4 * 1
+4 * 1
+4 * 1 0 1
+4 +1 1 1
+4 +3 1 0 1
+4 -3 1 0 1
+4 +8 1
+4 * 1
+60 -87 2 2 0 2 1 0 1 1
+4 * 2
+4 +9 2 2
+4 -1 2 2
+4 +1 2
+4 * 2 2
+4 * 2
+4 -2 2 2
+4 +2 2
+4 -1 2
+4 -1 2 0 2
+4 +1 2 0 2
+4 +1 2 0 2
+4 * 2
cfn=(163)
calls=2 0x61c8 -16 
* * 906 154 247 30 8 40 23 8 40
+4 +93 2 2
+4 +1 2
cfn=(163)
calls=2 0x61c8 1110 
* * 812 140 242 29 3 39 22 3 39
0x662c 1525 2 0 0 1 0 0 1
+4 * 2
+4 * 2 4
+4 * 2 4
+4 * 2 4
+4 * 2 4 0 1 0 0 1
+4 * 2 4
+4 * 2 4
+4 * 2
0x6a08 -44 1 1
+4 * 1
+4 +1 1 1
+4 * 1
+4 * 1
+4 * 1
+4 +5 1
+4 * 1
cfi=(39)
cfn=(214) _dl_assign_tls_modid
calls=1 0xf7e0 172 
* * 14 3 2 2 0 0 2
+4 +7 1
+4 * 1
+4 * 1
cfi=(22)
cfn=(72)
calls=1 0x9d30 31 
* * 54 13 10 0 1
+4 +3 1 1
+4 * 1 1
+4 * 1
+24 +23 1 1
+4 * 1
+4 * 1
+4 * 1
+4 * 1 1
+4 * 1 1
+4 * 1
+4 +1 1
+4 * 1
+4 * 1
cfi=(41)
cfn=(188)
calls=1 0x12cd0 77 
* * 13 7 6
+4 * 1
cfn=(163)
calls=1 0x662c +4 
* * 9 12
0x6c34 -5 1
+4 * 1
fi=(53)
0x6ef4 36 2 0 0 1 0 0 1
+4 * 2
+4 * 2
+4 +1 2 0 0 1 0 0 1
+4 -1 2
+4 +1 2
+4 * 2
+4 * 2
+4 * 2
+4 * 2 0 4
+4 * 2 0 2
+4 * 2 0 2
+4 -1 2 0 4
+4 +1 2
+4 * 2
cfi=(52)
cfn=(172)
calls=2 0x1b700 +13 
* * 20
+4 * 2
+4 +4 2
+4 * 2
+4 +3 2 2
+4 +1 2 0 0 1 0 0 1
+4 * 2 2
+4 -1 2
+4 +1 2 2
+4 -1 2
+4 * 2
+4 +1 2
+4 * 2
+4 * 2
+4 -1 2 0 2
+4 +1 2
cfi=(52)
cfn=(172)
calls=2 0x1b700 +5 
* * 20
+4 * 2
+4 +4 2 4
+4 * 2
+4 * 2 2
+4 * 2
+4 * 2 2 0 1 0 0 1
+4 * 2 2
+4 * 2
+4 +6 2
+4 * 2
0x7130 +1 2 0 0 2 0 0 1
+4 * 2 0 4
+4 * 2 0 4
+4 * 2 0 2
+4 * 2 0 2 1 0 0 1
+4 * 2 0 2
+4 * 2
cfi=(54)
cfn=(176)
calls=2 0x1b780 +64 
* * 12 0 0 1 0 0 1
+4 * 2 4
+4 * 2 4
+4 * 2 2
+4 * 2 2
+4 * 2 2
+4 * 2
cfn=(174)
calls=2 0x6f94 +3 
* * 560 92 206 17 0 38 13 0 38
fe=(30)

fn=(198) open_path
0x4c30 1819 1 0 2 1 0 1 1 0 1
+4 * 1
+4 * 1 0 2 0 0 1 0 0 1
+4 * 1
+4 +1 1 1 0 1 0 0 1
+4 -1 1 0 2
+4 * 1 0 2
+4 * 1 0 2
+4 * 1 0 2
+4 +1 1 0 1 0 0 1 0 0 1
+4 -1 1 0 1
+4 * 1 0 2
+4 +7 1
+4 +5 1
+4 +70 1
+4 -20 1
+4 * 1
+4 * 1 0 1
+4 -50 1
+4 +70 1 0 1
+4 -70 1 0 0 1 0 0 1
+4 * 1 1
+4 -7 1
+4 +7 1 1
+4 * 1
+4 -8 1 0 2 0 0 1 0 0 1
+4 +8 1
+4 * 1
+4 * 1 0 1
+4 * 1
+4 * 1 0 1
+4 * 1
+4 * 1 0 1
+4 * 1
+4 * 1
+4 +3 1 1
+4 * 1 1 0 1 0 0 1
+4 * 1 1 0 0 1
+4 +9 1
+4 * 1
+4 +7 1 2
+4 +1 1
+4 -1 1
+4 +1 1
+4 * 1
+4 -13 1
+4 +13 1
+4 +25 1
+4 -26 1
cfi=(25)
cfn=(68)
calls=1 0x1c880 72 
* * 15 2 2 1 0 1 0 0 1
+4 * 1 1
+4 * 1
+4 +1 1 1
+4 * 1 0 0 1 0 0 1
+4 * 1
+4 +3 1 1
+4 * 1
+4 * 1
+4 +5 1 1
+4 * 1
+4 * 1
+4 * 1
+4 * 1 1
+4 * 1 1
+4 * 1
cfi=(25)
cfn=(68)
calls=1 0x1c880 72 
* * 15 2 2
+4 * 1 1
+4 * 1
+4 * 1 1
+4 * 1
+4 * 1 0 0 1 0 0 1
cfi=(25)
cfn=(68)
calls=1 0x1c880 72 
* * 15 2 2
+4 * 1
+4 +9 1 1
+4 -6 1
+4 +6 1
+4 +3 1 1
+4 * 1
+4 * 1 1
+4 * 1
+4 * 1 1
+4 * 1 1
+4 * 1
cfn=(156) open_verify.constprop.0
calls=1 0x4884 1578 
* * 573 133 71 12 1 1 8 1 1
0x7698 2104 1
+4 +6 1 1
+4 * 1 1
+4 * 1
+4 * 1
+4 * 1
0x775c +1 1 0 0 1 0 0 1
+4 * 1
+4 * 1
+4 * 1
+4 * 1
+4 * 1
+4 * 1
cfn=(196) cache_rpath
calls=1 0x5b20 682 
* * 6 1
+4 * 1
+4 * 1
+4 +8 1 0 1 1 0 0 1
+4 +14 1
+4 +2 1
+4 * 1 1 0 0 1
+4 * 1
+4 +4 1
+4 * 1
cfi=(61)
cfn=(202) _dl_load_cache_lookup
calls=1 0x118f0 413 
* * 3095 537 420 53 55 57 33 53 57

fn=(199) open_path'2
0x4cfc 1851 4 4
+4 * 4
+4 * 4
+4 +3 3 3
+4 * 3
+4 * 3
+4 +5 3 3
+4 * 3
+4 * 3
+4 * 3
+4 * 3 3
+4 * 3 3
+4 * 3
cfi=(25)
cfn=(68)
calls=3 0x1c880 72 
* * 44 4 4
+4 * 3 3
+4 * 3
+4 * 3 3
+4 * 3
+4 * 3
cfi=(25)
cfn=(68)
calls=3 0x1c880 72 
* * 45 6 6
+4 * 3
+4 +9 3 3
+4 -6 3
+4 +6 3
+4 +3 3 3
+4 * 3
+4 * 3 3
+4 * 3
+4 * 3 3
+4 * 3 3
+4 * 3
cfn=(157) open_verify.constprop.0'2
calls=3 0x4884 1578 
* * 818 203 101 6 3 0 6 3
+84 +93 1
+4 * 1
+4 * 1 2
+4 * 1 2
+4 * 1 2
+4 * 1 2
+4 * 1 2
+4 * 1 2
+4 * 1
+20 -24 1 0 0 1 0 0 1
+4 * 1
+4 * 1 1
+4 * 1 0 0 1 0 0 1
+4 * 1
+4 * 1
+4 +7 1 1
+4 * 1 1
+4 * 1 0 1
+4 -2 1 1
+4 * 1
+4 * 1 0 1
+4 +2 1
+4 +3 1 1
+4 * 1
+4 * 1
+4 1829 1
+4 * 1
cfn=(199)
calls=1 0x4dc0 1964 
* * 9 12

fn=(156)
0x4884 1578 3 0 6 2 0 1 1 0 1
+4 +32 3
+4 -32 3
+4 +32 3 3
+4 -32 3 0 6
+4 * 3
+4 * 3 0 6
+4 * 3
+4 * 3
+4 * 3 0 6
+4 * 3
+4 * 3 0 6
+4 +32 3
+4 +19 3
+4 * 3
+4 * 3 0 0 2 0 0 1
cfi=(47)
cfn=(158)
calls=3 0x1b500 28 
* * 55 0 4 2 0 0 2
+4 * 3
+4 +2 3
+4 * 3
+4 +9 2
+4 -1 2
+4 * 2
+4 +6 2
+4 -6 2 0 2
+4 +1 2 0 2
+4 +5 2
+4 * 2
+4 * 2
+4 * 2
cfi=(48) ./io/../sysdeps/unix/sysv/linux/read_nocancel.c
cfn=(160) __read_nocancel
calls=2 0x1b590 26 
* * 12 0 0 1 0 0 1
+4 * 2
+4 +2 2
+4 * 2 0 0 1 0 0 1
+4 +2 2 2
+4 * 2
+4 * 2 0 2
+4 +2 2
+4 * 2
+4 +6 2
+4 * 2
+4 +17 2 2 0 0 1 0 0 1
+4 * 2
+4 * 2
+4 * 2
+4 * 2
+4 * 2
+4 * 2
+4 * 2 2
+4 * 2 0 0 1 0 0 1
+4 * 2 2
+4 * 2
+4 * 2 2
+4 * 2
0x49b8 * 2 2 0 1 0 0 1
+4 * 2
+4 +81 2 2 0 1 0 0 1
+4 -81 2
+4 +81 2
+4 * 2
+4 +5 2 2
+4 * 2
+4 * 2
+4 +6 2 2
+4 * 2
+4 * 2
+4 * 2
+4 * 2
+4 +6 2 2 0 0 1 0 0 1
+4 * 2
+4 * 2
+4 +6 2 2
+4 +1 2 2 0 1 0 0 1
+4 -1 2
+4 +1 2
+4 * 2
+4 * 2
+4 +26 2
+4 * 2
+4 * 2 4
+4 * 2 4
+4 * 2 4
+4 * 2 4
+4 * 2 4
+4 * 2
0x4abc 1615 1 0 0 1 0 0 1
+4 * 1 0 0 1 0 0 1
cfn=(157)
calls=1 0x4a14 1805 
* * 8 10
+36 +59 1
+4 * 1
+4 * 1
+4 * 1
+4 * 1
+4 * 1
0x4d70 1871 1
+4 +2 1 1
+4 * 1
+4 +2 1
+4 * 1 0 0 1 0 0 1
0x4ea0 +5 1 1 0 1 0 0 1
+4 * 1
+4 +1 1 1
+4 * 1
+4 * 1
+4 * 1 1
+4 * 1 1
+4 * 1 1
+4 * 1 0 0 1 0 0 1
+36 +6 1
+4 +2 1
+4 -2 1
+4 +2 1
+4 -2 1 0 1
+4 +2 1
cfi=(60) ./io/../sysdeps/unix/sysv/linux/stat64.c
cfn=(200) stat
calls=1 0x1b200 29 
* * 16 0 1 2
+4 +3 1
+4 -3 1 0 0 1 0 0 1
+4 * 1 0 1
+4 -38 1
+4 * 1
cfn=(199)
calls=1 0x4cfc * 
* * 482 116 56 2 1 0 2 1

fn=(157)
0x4884 1578 3 0 6
+4 +32 3
+4 -32 3
+4 +32 3 3
+4 -32 3 0 6
+4 * 3
+4 * 3 0 6
+4 * 3
+4 * 3
+4 * 3 0 6
+4 * 3
+4 * 3 0 6
+4 +32 3
+4 +19 3
+4 * 3
+4 * 3
cfi=(47)
cfn=(158)
calls=3 0x1b500 28 
* * 63 0 6
+4 * 3
+4 +2 3
+4 * 3
0x4a14 1805 4
+4 * 4
+4 * 4 8
+4 * 4 8
+4 * 4 8
+4 * 4 8
+4 * 4 8
+4 * 4
0x4abc 1615 3
+4 * 3
cfn=(157)
calls=3 0x4a14 1805 
* * 24 30
0x4d70 1871 3
+4 +2 3 3
+4 * 3
+4 +2 3
+4 * 3
0x4ea0 +5 3 3
+4 * 3
+4 +1 3 3
+4 * 3
+4 * 3
+4 * 3 3
+4 * 3 3
+4 * 3 3
+4 * 3
+36 +6 3
+4 +2 3
+4 -2 3
+4 +2 3
+4 -2 3 0 3
+4 +2 3
cfi=(60)
cfn=(200)
calls=3 0x1b200 29 
* * 45 0 2
+4 +3 3
+4 -3 3
+4 * 2 0 2
+4 -38 2
+4 * 2
cfn=(199)
calls=2 0x4cfc * 
* * 512 133 55 4 2 0 4 2
+4 +39 1 1 0 0 1 0 0 1
+4 +2 1
+4 -2 1
+4 +2 1
+4 * 1
+4 * 1
+4 * 1 0 1
+4 -41 1
+4 * 1
cfn=(199)
calls=1 0x4cfc * 
* * 30 18 2 2 0 0 2

fn=(196)
0x5b20 682 3 3 0 1 0 0 1
+4 -1 3
+4 +1 3
+4 * 3
+84 +1 3
+4 +16 3

fn=(152)
fi=(59)
0x200c 64 1 0 1 0 0 1
+4 +5 1 1
+4 * 1 2
+4 * 1
fe=(30)
0x7404 1971 4 0 0 2 0 0 1
+4 * 4 0 8 0 0 2 0 0 2
+4 * 4
+4 * 4 0 8 0 0 1 0 0 1
+4 * 4 0 8
+4 * 4 0 8 0 0 1 0 0 1
+4 * 4 0 8
+4 * 4 0 8 0 0 1 0 0 1
+4 +8 4
+4 * 4
+4 +1 4
+4 * 4
+4 * 4
+4 * 4
+4 * 4 4 0 0 1 0 0 1
+4 * 4 0 0 2 0 0 1
+4 * 4
+4 +3 4
+4 * 4
+4 * 4
+4 * 4
+4 * 4
+4 * 4
+4 * 4 4
+4 * 4
+8 * 7 7
+4 * 7
+4 +5 9 9
+4 * 9
+4 * 9
+4 * 9 0 0 2 0 0 1
+4 * 9
+4 +2 9
+4 * 9
+4 * 9
cfi=(46)
cfn=(154)
calls=9 0x9b10 68 
* * 759 155 36 9 3 1 4 0 1
+4 * 9
+4 +4 7 7
+4 * 7
+4 +1 7 7
+4 * 7
+4 +3 2 2
+4 * 2
fi=(4)
+4 81 2 2
fe=(30)
+4 1999 2 2
+4 -1 2 2
+4 * 2
+8 +1 2 0 0 1 0 0 1
+4 * 2
+4 +1 2
+4 * 2
+4 * 2
cfi=(26)
cfn=(76)
calls=2 0x1c1c0 64 
* * 71 6
+4 * 2
+28 2274 2 4
+4 * 2
+4 * 2 4
+4 * 2 4
+4 * 2 4
+4 * 2 4
+4 * 2 4
+4 * 2
+4 * 2
+4 2013 2 0 0 1 0 0 1
+4 +2 2
+4 * 2 0 2 0 0 1 0 0 1
+4 -1 2
+4 * 2 2
+4 * 2
+4 * 2 0 2
+4 * 2
+4 * 2
+4 * 2
+4 +9 2 0 0 1 0 0 1
+4 -50 2 0 2
+4 +50 2 2
+4 * 2
+4 +17 2
+4 * 2
+4 -2 2 0 2 0 0 2 0 0 2
+4 +2 2
cfi=(35)
cfn=(114)
calls=2 0x1c100 54 
* * 38 2
+4 * 2
+4 2206 1
+4 -1 1
+4 * 1
+4 * 1
cfn=(110)
calls=1 0x55a0 385 
* * 152 33 25 2 0 4 2 0 3
+4 -1 1 0 1 0 0 1 0 0 1
+4 +1 1
+4 +2 1
+4 * 1 0 0 1 0 0 1
+4 +4 1
+4 * 1
+4 * 1
+4 * 1
+4 * 1
+4 * 1
+4 * 1 0 1
+4 * 1
cfn=(156)
calls=1 0x4884 1578 
* * 106 23 14 10 1 0 10 1
+4 * 1
+4 +3 1
+4 * 1
+4 +11 1 1
+4 +1 1
+4 * 1
+4 +45 1
+4 +1 1 0 0 1 0 0 1
+4 * 1 1
+4 * 1 0 2
+4 * 1
+4 * 1 1
+4 * 1
+4 -1 1 1
+4 +1 1
+4 * 1
+4 * 1
+4 -1 1 0 1
+4 +1 1
cfn=(162)
calls=1 0x6060 944 
* * 1484 334 195 74 25 26 70 25 26
+52 2044 1 0 0 1 0 0 1
+4 * 1
cfi=(18)
cfn=(48)
calls=1 0x1cbc0 51 
* * 13 1
+4 +2 1 1
+4 -2 1
+4 * 1 0 1
+4 +2 1
+4 +7 1
+4 * 1 1
+4 * 1 0 0 1 0 0 1
0x7998 +4 1 1 0 1 0 0 1
+4 +8 1
+4 * 1
+4 * 1
+4 -2 1
+4 +2 1 0 2
+4 * 1
+4 -7 1
+4 +7 1 0 1
+4 -7 1
+4 * 1 0 1 1 0 0 1
+4 * 1
+4 * 1 0 1
+4 * 1
+4 * 1 0 1
+4 * 1
+4 * 1 0 1
+4 * 1
+4 * 1
cfn=(153)
calls=1 +12 +5 
* * 3890 715 526 80 58 63 55 54 63
fi=(2)
0x16010 647 1 0 1
+4 +2 1 1
+4 * 1 2
+4 * 1
fe=(30)

fn=(153)
0x74f4 2274 2 4
+4 * 2
+4 * 2 4
+4 * 2 4
+4 * 2 4
+4 * 2 4
+4 * 2 4
+4 * 2
+4 * 2
0x75bc -3 1
+4 +1 1
+4 * 1 1
+4 * 1 0 2
+4 * 1
+4 * 1 1
+4 * 1
+4 -1 1 1
+4 +1 1
+4 * 1
+4 * 1
+4 -1 1 0 1
+4 +1 1
cfn=(162)
calls=1 0x6060 944 
* * 1731 335 350 19 33 56 5 31 56
0x765c 2104 1
+4 * 1 0 1
+4 * 1 1
+4 * 1
+4 * 1 1
+4 * 1
+4 * 1
+4 * 1
+4 * 1
+4 * 1 0 0 1 0 0 1
+4 * 1
+4 * 1
+4 * 1
+4 * 1 0 1
+4 * 1
cfn=(198)
calls=1 0x4c30 1819 
* * 3821 701 521 74 58 63 49 54 63
0x78a0 -26 1 1 0 1 0 0 1
+4 * 1
+4 * 1
+4 * 1
+4 +1 1
+4 * 1
+4 * 1
+4 * 1
+4 * 1 0 0 1 0 0 1
+4 * 1 0 2
+4 * 1
cfn=(196)
calls=1 0x5b20 682 
* * 6 1
+4 * 1 2
+4 * 1
+4 * 1
+4 * 1
+4 +9 1
+4 +15 1
+4 * 1 0 1
+4 * 1
+4 * 1 1
+4 * 1
+4 * 1
+4 +1 1
0x79e4 -42 1 1
+4 * 1
+4 +1 1
+4 * 1
+4 * 1
+4 * 1
+4 * 1
+4 * 1 0 0 1 0 0 1
cfn=(196)
calls=1 0x5b20 682 
* * 6 1 0 1 0 0 1
+4 * 1
+4 * 1
+72 +14 1 1 0 1 0 0 1
+4 * 1
+4 * 1 1
+4 * 1
+4 * 1 1
+4 * 1 1
+4 * 1 1
+4 * 1
+4 +1 1

fl=(39)
fn=(126)
0xf914 225 1 0 0 1 0 0 1
+4 * 1
+4 * 1
+4 * 1 1
+4 * 1
+4 +1 1 1
+4 +15 1

fn=(214)
0xf7e0 172 1 0 0 1 0 0 1
+4 * 1
+4 -13 1
+4 +13 1 1
+4 -13 1 1
+4 * 1
+4 +53 1
+4 +2 1
+4 * 1 0 0 1 0 0 1
+4 -2 1 1
+4 * 1
+4 +2 1 0 1
+4 +3 1 0 1
+4 * 1

fl=(12)
fn=(42) do_tunable_update_val
0x11c80 102 1 1 0 1 0 0 1
+4 * 1
+4 * 1
fi=(17) ./elf/./dl-tunable-types.h
+4 -12 1
fe=(12)
+4 +21 1 1
fi=(17)
+4 -21 1
fe=(12)
+4 +22 1 1
+4 +1 1 1
+4 -1 1
+88 +1 1 0 0 1 0 0 1
0x11d74 * 1 0 0 1 0 0 1
+4 -1 1
fi=(13) ./elf/./elf/dl-tunables.h
+4 +9 1
+4 * 1
cfn=(46) do_tunable_update_val
calls=1 0x11cc0 +12 
* * 14 0 4
fe=(12)

fn=(32)
0x12430 408 5 0 0 2 0 0 1
+4 * 5
+4 * 5
+4 * 5
+4 * 5 0 0 2 0 0 1
+4 * 5
+4 * 5 5 0 0 2 0 0 2
+4 * 5
+4 * 5
+4 * 4
+4 +9 2 2
+4 * 2 0 2
+4 +17 2
+4 * 2
+4 * 2
+4 * 2
+4 * 2
+4 * 2
+4 * 2
+4 * 2 2
+4 * 2 0 0 1 0 0 1
+4 * 2
+4 +2 2
+4 -9 3 3 0 1
+4 * 3 0 3
+4 +1 3
cfn=(33) __tunable_get_val'2
calls=3 -52 +6 
* * 33 3

fn=(33)
0x12460 434 3
+4 * 3
+4 * 3
+4 * 3
+4 * 3
+4 * 3
+4 * 3
+4 * 3 3
+4 * 3
+4 * 3
+4 +2 3

fn=(26) __GI___tunables_init
0x11da0 282 1 0 2 1 0 0 1
+4 * 1
+4 * 1 0 2
+4 -9 1
+4 +9 1 0 2
+4 * 1
+4 -9 1 1
+4 +9 1 0 2
+4 * 1 0 2 1 0 0 1
+4 * 1 0 2
+4 -9 1
+4 * 1
+4 * 1
+4 +34 1
+4 86 1
+4 307 1
+4 * 1 0 1
+4 * 1
+4 71 1
+4 * 1 1
+4 * 1
+4 +6 1 1 0 0 1 0 0 1
+4 -3 1
+4 +3 1
+4 * 1 0 0 1 0 0 1
+4 * 1
+4 * 1
+4 * 1
+4 * 1 1
+4 * 1
+4 * 1
+4 * 1
+4 * 1
+4 * 1
-20 * 7 7
+4 * 7
+4 * 7
+4 * 7
+4 * 7
+4 * 7
+4 +4 1
+4 +5 1
+4 * 1
+4 * 1
+4 * 1
fi=(13)
+4 +54 1
+4 * 1 0 0 1 0 0 1
cfn=(28) __GI___tunables_init
calls=1 +16 * 
* * 22048 4693 0 3 59 0 3 59
fi=(9)
0x15620 -27 1
cfi=(14)
cfn=(30)
calls=1 0xed94 295 
* * 36 6 4 5 0 0 5
+4 +2 1
+4 * 1
cfi=(15) ./elf/../sysdeps/unix/sysv/linux/brk.c
cfn=(34) brk
calls=1 0x1a480 -79 
* * 9 0 1 1 0 1 1 0 1
fi=(5)
+4 +11 1
+4 * 1 1
+4 * 1
+4 * 1 1 0 0 1 0 0 1
+4 * 1
fi=(16)
+4 -57 1 0 0 1 0 0 1
+4 * 1
+4 * 1
+4 * 1
+4 * 1
cfi=(12)
cfn=(32)
calls=1 0x12430 408 
* * 23 3 1 0 1 0 0 1
+4 * 1 1
+4 +1 1
+48 +8 1 0 0 1 0 0 1
+4 * 1 1
+4 * 1
+4 * 1
+4 +6 1
+4 * 1 0 1
+4 +4 1
+4 +2 1
+20 +4 1
+4 +8 1
+4 * 1 0 0 1 0 0 1
+4 * 1
+4 -8 1 1
+4 +4 1 0 1
+4 -4 1
+4 * 1 0 1
+4 +8 1
cfi=(12)
cfn=(32)
calls=1 0x12430 408 
* * 23 3 1
+4 +1 1 1
+4 -1 1 1
+4 +1 1
fi=(9)
0x157c4 +40 1 0 0 1 0 0 1
+4 * 1
+4 * 1
cfi=(16)
cfn=(38)
calls=1 0x156f0 -40 
* * 18503 4324 2299 515 186 212 460 148 198
fe=(12)

fn=(27) __GI___tunables_init'2
0x11de8 71 54
+4 * 54 54
+4 * 54
+4 +6 53 53 0 0 18 0 0 18
+4 -3 53
+4 +3 53
+4 * 53
+4 * 53
+4 * 53
+4 * 53
+4 * 53 53
+4 * 53
+4 * 53
+4 * 53
+4 * 53
+4 * 53
-20 * 551 551 0 0 4 0 0 4
+4 * 551
+4 * 551
+4 * 551
+4 * 551
+4 * 551
+4 +4 53
+4 +5 53
+4 * 53
+4 * 53
+4 * 53
fi=(13)
+4 +54 53
+4 * 53
cfn=(29) __GI___tunables_init'2
calls=53 +16 * 
* * 584869 124951 0 53 631 0 53 631
fe=(12)
+44 305 1620
+4 * 1620
+4 * 1620
+4 * 1620
+4 +6 1620 1620 0 0 29 0 0 29
+4 * 1620 0 0 1 0 0 1
+4 * 1620 1620 0 0 7 0 0 7
+4 * 1620
+4 * 486
+4 * 486
fi=(13)
+4 140 486
+4 * 486 486
+4 +1 486
+4 * 486
+4 * 486
-12 -1 83 83
+4 +1 83
+4 * 83
+4 * 83
+4 -1 83 83
+4 * 83
+4 * 83
fe=(12)
0x11f24 357 1 2 0 1 0 0 1
+4 * 1 2
+4 * 1 2
+4 * 1 2
+4 * 1 2
+4 * 1 2
+4 * 1
0x12214 74 54 0 0 1 0 0 1
+4 * 54
cfn=(27)
calls=54 0x11de8 -3 
* * 589404 125674 0 54 653 0 54 653

fn=(40)
0x11d84 158 1
+4 * 1
+4 * 1
+4 * 1
+4 +2 1
+4 * 1
cfn=(42)
calls=1 0x11c80 -58 
* * 28 4 4 3 0 0 3

fl=(60)
fn=(200)
0x1b200 29 4 0 0 1
+4 * 4
+4 * 4
+4 * 4
+4 * 4
cfi=(51)
cfn=(170)
calls=4 +96 +70 
* * 41 0 3 1

fl=(6)
fn=(10)
0x16b20 53 1
fi=(4)
+4 +28 1
fi=(5)
+4 186 1
fe=(6)
+4 53 1 1
+4 * 1
+4 -3 1 2
+4 -1 1 1
+4 +4 1 1
+4 -4 1 0 0 1 0 0 1
+4 +1 1
+4 +3 1
+4 -4 1
+4 +4 1
+4 +3 1
+4 * 1
+4 * 1
fi=(5)
+4 301 1 1 0 0 1 0 0 1
fe=(6)
+4 56 1
fi=(5)
+4 301 1 1
+4 * 1
+4 * 1 0 1 0 0 1 0 0 1
fe=(6)
+4 56 1
+4 * 1
fi=(5)
-24 301 21 21 0 0 3 0 0 3
fe=(6)
+4 56 21
fi=(5)
+4 301 21 21 0 0 5 0 0 5
+4 * 21
+4 * 21 0 21 0 0 5 0 0 5
fe=(6)
+4 56 21
+4 * 21
+4 +5 1
+4 * 1 0 0 1 0 0 1
fi=(5)
+8 177 6
+4 +9 6
+4 * 6
+4 * 6 6 0 0 5 0 0 5
+4 * 6
+4 * 6
+4 * 6 6
+4 +4 6
+4 * 6 6
+4 -4 6 6 0 0 1 0 0 1
+4 +4 6
+4 * 6
+4 -4 6
+4 +4 6
+4 +4 6
+4 * 6
+4 * 6
+4 +4 6 6 0 0 1 0 0 1
+4 * 6
+4 * 6 0 6 0 0 1 0 0 1
fe=(6)
+4 61 6
+4 * 6
+4 * 6
+4 +2 6 12 0 1 1 0 1 1
+4 * 6
+4 +2 6
+4 -1 6
+4 * 6
fi=(5)
+4 175 6
+4 * 6
fi=(2)
+36 566 1 0 0 1 0 0 1
+4 * 1
fi=(4)
+4 81 1 1
fi=(2)
+4 566 1
fe=(6)
+4 51 1 1
+4 * 1
fi=(4)
+4 +30 1
+4 * 1
cfi=(6)
cfn=(11) _dl_start'2
calls=1 0x16b2c -28 
* * 41206 9178 2422 550 261 231 495 223 217
fe=(6)

fn=(11)
0x16b2c 53 1 1
+4 * 1
+4 -3 1 2
+4 -1 1 1
+4 +4 1 1
+4 -4 1
+4 +1 1
+4 +3 1
+4 -4 1
+4 +4 1
+4 +3 1
+4 * 1
+36 +5 1
+4 * 1
+4 * 1
cfi=(2)
cfn=(3)
calls=1 0x16c20 566 
* * 41191 9173 2422 550 261 231 495 223 217

fl=(44)
fn=(142)
0x142d4 225 1 0 2 1 0 0 1
+4 * 1
+4 * 1 0 2
+4 * 1
+4 * 1
+4 * 1
+4 * 1
+4 * 1 0 1
+4 * 1
+4 +2 1
+4 * 1
cfn=(146) _dl_catch_exception
calls=1 0x14230 -52 
* * 2216 474 305 106 28 40 102 27 39
* * 4 1 0 1 0 0 1
fi=(2)
0x160f4 825 1 1
+4 * 1
+4 +8 1 1
+4 +6 1 2 0 1 0 0 1
+4 -6 1
+4 +6 1 2
+4 -6 1
+4 +6 1 2
+4 * 1
fe=(44)

fn=(146)
fi=(59)
0x2278 228 1 1 0 1
+4 * 1 1
+4 * 1 0 0 1
+4 * 1
+4 * 1
cfi=(30)
cfn=(112)
calls=1 0x5370 +10 
* * 47 7 4 1
+4 * 1
+4 * 1
0x233c +14 1 1 0 1 0 0 1
+4 +2 1 1 0 1 0 0 1
+4 * 1
+4 * 1
+4 +13 1 1 0 0 1
+4 -8 1
+4 +6 1 1
+4 +2 1
+4 * 1 0 1
+4 -8 1
+4 +10 1 0 1
+4 * 1
+4 -6 1 0 1
+4 +1 1 0 2
+4 +1 1 0 1
+4 +4 1 1
+4 * 1
+4 * 1 0 1 1 0 0 1
+4 +4 1
+12 -42 1 1
+4 * 1
+4 +1 1
+4 * 1
0x24a4 +10 1 1
+4 -4 1
+4 +4 1
+4 * 1
+4 -2 1 0 1
+4 +2 1
cfi=(64)
cfn=(218)
calls=1 0x1b620 30 
* * 1288 333 197 23 5 2 21 1 2
cfi=(44)
cfn=(147) _dl_catch_exception'2
calls=1 0x14230 -57 
* * 289 76 59 9 2 1 0 0 1
* * 280 44 9 4 5 0 4
+4 * 1 0 0 1
+4 +1 1 1 0 1 0 0 1
+4 * 1
fe=(44)
0x14230 -58 2 0 4 2 0 2 1 0 2
+4 * 2
+4 * 2 0 2
+4 +5 2
+4 -5 2 0 4 2 0 1 1 0 1
+4 +5 2 2
+4 -5 2 0 2
+4 +5 2 0 2
+4 -2 2
+4 +21 2 2
+4 +4 2
+4 -3 2
+4 +3 2 0 2
+4 +3 2
+4 * 2
+4 -6 2 0 4 0 0 1 0 0 1
+4 +6 2
cfi=(45) ./setjmp/../sysdeps/aarch64/setjmp.S
cfn=(148) __sigsetjmp
calls=2 0x1bb00 35 
* * 42 4 42 2 1 5 2 0 5
+4 * 2
+4 +2 2 4
+4 * 2
cfi=(59)
cfn=(194) openaux
calls=1 0x1fd0 61 
* * 4295 796 570 88 59 69 60 54 68
cfi=(2)
cfn=(150)
calls=1 0x15fe0 644 
* * 2164 460 271 101 27 36 97 27 35
0x14300 +21 1 2 0 1 0 0 1
+4 -1 1 0 1
+4 +2 1 1
+4 +2 1 1
+4 -3 1 0 1
+4 +1 1
+4 * 1
+4 * 1 0 1
+4 +2 1 2
+4 * 1 2
+4 * 1

fn=(147)
0x14230 175 2 0 4 1
+4 * 2
+4 * 2 0 2
+4 +5 2
+4 -5 2 0 4 1
+4 +5 2 2
+4 -5 2 0 2
+4 +5 2 0 2
+4 -2 2
+4 +21 2 2
+4 +4 2
+4 -3 2
+4 +3 2 0 2
+4 +3 2
+4 * 2
+4 -6 2 0 4
+4 +6 2
cfi=(45)
cfn=(148)
calls=2 0x1bb00 35 
* * 42 4 42 1
+4 * 2
+4 +2 2 4
+4 * 2
cfi=(59)
cfn=(194)
calls=2 0x1fd0 61 
* * 507 138 48 6 2 1 0 0 1
+4 +1 2
+4 * 2 4
+4 * 2 0 2
+4 +1 2 0 4
+4 * 2 0 2
+4 -25 2
+4 +34 2 2
+4 * 2 4
+4 * 2

fn=(226)
0x14330 238 1 0 2 0 0 1
+4 * 1
+4 +8 1
+4 -8 1
+4 * 1 0 2 1 0 0 1
+4 +1 1
+4 * 1
+4 -1 1 0 2 0 0 1
+4 +2 1 1
+4 +4 1 0 1
+4 -5 1 1
+4 +4 1 0 1
+4 +3 1
cfi=(2)
cfn=(228)
calls=1 0x166d4 677 
* * 5845 1573 448 63 45 27 61 29 19

fn=(240) _dl_signal_cexception
0x140e0 133 1 0 2 1 0 0 1
+4 +1 1
+4 -1 1
+4 +2 1 1
+4 -2 1 0 2
+4 * 1
+4 * 1
+4 * 1 0 2
+4 * 1 0 0 1 0 0 1
+4 * 1
+4 +1 1
+4 * 1
+4 +6 1
+4 * 1 1
+4 * 1
+4 +5 1 2
+4 * 1
+4 +4 1 2
+4 -4 1
+4 +4 1 2
+4 * 1 2
+4 -4 1
cfi=(2)
cfn=(242)
calls=1 0x16070 2446 
* * 2260 650 121 26 10 6 24 7 5

fl=(26)
fn=(76)
0x1c1c0 64 61 0 0 1 0 0 1
+4 +3 61
+4 +1 61
+4 +1 61
+4 +1 61
+4 +1 61
+4 +1 6
+4 * 3
+4 +5 3 3 0 0 1 0 0 1
+4 +1 3 3 0 0 1 0 0 1
+4 +7 3
+4 +1 3
+4 +2 3
+4 +1 3
+4 +1 3
-24 -13 1 1
+4 +1 1 1
+4 +7 1
+4 +1 1
+4 +2 1
+4 +1 1
+4 +1 1
+4 +4 3
+4 +1 3 0 0 1 0 0 1
+4 +3 3
+4 +1 3
+4 +1 3
+4 +2 3
+4 +5 3
+4 +1 3
+4 +3 3
+4 +1 3
+4 +1 3
-32 -15 15
+4 +1 15
+4 +1 15
+4 +2 15
+4 +5 15
+4 +1 15
+4 +3 15
+4 +1 15
+4 +1 15
+12 +8 3 0 0 1
+4 +1 3 3
+4 +1 3 3
+4 +1 3
+4 +1 3
+4 +1 3
+4 +1 3
+4 +1 3
+4 +1 3
cfn=(77) strcmp'2
calls=3 0x1c1e8 -44 
* * 55 2
+4 +5 55 0 0 3 0 0 1
+4 +2 87 87 0 0 1 0 0 1
+4 +1 87 87 0 0 10 0 0 5
+4 +1 87
+4 +1 87
+4 +1 87
+4 +1 52
+4 +1 52
+4 +3 20
+4 +1 20
+4 +1 20 20
+4 +4 20 0 0 2 0 0 1
+4 +1 20
+4 +1 20
+4 +1 20
+4 +1 20
+4 +1 20
+4 +2 18
+4 * 18
+4 +5 18 18
+4 +1 18 18
+4 +4 18
+4 +1 18
+4 +1 18 18 0 0 2 0 0 2
+4 +1 18
+4 +1 18
+4 +1 18
-28 -10 7 7
+4 +1 7 7
+4 +4 7
+4 +1 7
+4 +1 7 7
+4 +1 7
+4 +1 7
+4 +1 7
+4 +2 18
+4 +4 18
+4 +1 18
+4 +1 18
+4 +2 5 5
+4 +1 5
+4 +1 5
+4 +1 5
+4 +5 5
+4 +1 5
+4 +1 5
cfn=(77)
calls=5 0x1c204 -95 
* * 45
+4 +3 35 0 0 1 0 0 1
+4 +1 35

fn=(77)
0x1c1e0 77 1 1
+4 +1 1 1
+4 +7 1
+4 +1 1
+4 +2 1
+4 +1 1
+4 +1 1
-16 -5 3
+4 +1 3
+4 +2 3
+4 +1 3
+4 +1 3
+4 +4 3
+4 +1 3
+4 +3 3
+4 +1 3
+4 +1 3
+4 +2 3
+4 +5 3
+4 +1 3
+4 +3 3
+4 +1 3
+4 +1 3
-32 -15 5
+4 +1 5
+4 +1 5
+4 +2 5
+4 +5 5
+4 +1 5
+4 +3 5
+4 +1 5
+4 +1 5

fl=(65)
fn=(230)
0x11150 392 1 0 2 1 0 1 1
+4 * 1
+4 * 1 0 2
+4 +4 1
+4 * 1
+4 -2 1
+4 * 1 0 2
+4 * 1
+4 * 1
+4 * 1
cfn=(231) _dl_check_all_versions'2
calls=1 +12 +3 
* * 5813 1567 439 58 44 26 56 29 19
fi=(2)
0x166f8 679 1
+4 +1 1 1
+4 * 1 0 0 1 0 0 1
+16 +3 1 1 0 0 1
+4 -1 1
+4 +1 1 2
+4 -1 1
fe=(65)

fn=(231)
0x11180 397 1 1 0 1 0 0 1
+4 +1 1
+4 * 1
+4 * 1
+4 * 1
+4 * 1
cfn=(232) _dl_check_map_versions
calls=1 0x10920 155 
* * 5807 1566 439 57 44 26 55 29 19

fn=(232)
0x10920 155 1 0 2 1 0 1 1
+4 * 1
+4 * 1 0 2 0 0 1
+4 * 1
+4 +15 1 1
+4 * 1
+4 +2 1
fi=(4)
+4 -91 1 1
+4 * 1 0 2 1 0 1 1
+4 * 1 0 2
+4 * 1 0 2
+4 * 1
+4 * 1 0 2
fe=(65)
+4 +91 1 1
+4 * 1
+4 +2 1 1 0 0 1
+4 +1 1 1
+4 +2 1
+4 +3 1 1
+4 -24 1 0 1
+4 +24 1 1
+4 -16 1
+4 +16 1
+4 +4 1 1 0 0 1 0 0 1
+4 * 1 0 0 1 0 0 1
+4 * 1
fi=(66) ./elf/../sysdeps/generic/_itoa.h
+4 76 1
+4 * 1
+4 * 1
+4 * 1 0 1
+4 * 1
+4 * 1
fe=(65)
+4 +71 1
fi=(66)
+4 -71 1
fe=(65)
+4 +71 1
+4 * 1 0 1
+4 * 1 0 1
+4 * 1 0 1
+4 36 1 1
+4 * 1
+4 * 1 0 0 1 0 0 1
+4 200 1 1
+4 * 1 1
+4 36 1
+4 * 1
+4 * 1
+4 200 1
+4 36 1 1
+4 * 1
+8 +1 3 3
+4 -1 3
+4 +2 4
+4 * 4
+4 * 4
cfi=(46)
cfn=(154)
calls=4 0x9b10 +30 
* * 294 65 16 0 2
+4 * 4
+4 * 1 0 0 1 0 0 1
+4 204 1
+4 +4 1
+4 +5 1 1
+4 +5 1
+4 * 1
+4 -5 1 0 1
+4 * 1
+4 +5 1 0 1
+4 -5 1 0 2
+4 * 1 0 1
+4 * 1
+4 +5 1 1
+4 -1 1 1
+4 +1 1 1
+4 -1 1 1
+4 * 1 0 0 1 0 0 1
+4 +1 1
+4 * 1
+4 * 1 1
+4 * 1 1 0 0 1
+4 * 1 1
+4 * 1
+4 * 1
+4 * 1 1
+4 * 1 1
+4 * 1 1
+4 +3 1 1
+4 * 1 0 1
+4 56 1 1
fi=(4)
+4 +25 1 1
fe=(65)
+4 -25 1 1 0 0 1
+4 * 1 0 0 1 0 0 1
+12 +8 1
+4 * 1 1
+4 * 1
+4 +6 1 1 0 0 1
+4 * 1
+4 +16 1 1 0 0 1
+4 +1 1
+4 +2 1 1
+4 * 1
+4 +5 1 1 0 0 1 0 0 1
+4 * 1
+4 * 1
+4 +14 2 2 0 0 1 0 0 1
+4 * 2 0 0 1 0 0 1
+4 * 2
+4 +12 1 1
+4 * 1
+4 +4 1
+4 -30 1 1
+4 * 1
+4 * 1
0x10b8c 231 1 1
+4 +3 1 1
+4 -3 1
+4 * 1
+4 * 1
+4 +3 1
+12 110 1 1 0 1 0 0 1
+4 +3 1
+4 * 1 1
+4 * 1
+4 * 1
cfi=(26)
cfn=(76)
calls=1 0x1c1c0 -49 
* * 60 10
+4 * 1 0 0 1 0 0 1
+4 224 1 1
+4 * 1
+4 * 1
+4 * 1
+4 * 1
+60 +10 1 2 0 1 0 0 1
+4 * 1 1
+4 +9 1 1
+4 * 1
+4 +5 1
+4 -50 1
cfn=(233) _dl_check_map_versions'2
calls=1 0x109b8 36 
* * 3684 925 230 45 25 11 43 21 8
0x11180 397 1 1
+4 +1 1
+4 * 1
+4 * 1
+4 * 1
+4 * 1
cfn=(233)
calls=1 0x10920 155 
* * 1607 516 170 1 9 12 1 5 11
+4 -2 1 1
+4 +2 1
+4 * 1
+4 -1 1
+4 -1 1

fn=(233)
0x10920 155 3 0 6
+4 * 3
+4 * 3 0 6
+4 * 3
+4 +15 3 3
+4 * 3
+4 +2 3
fi=(4)
+4 -91 3 3
+4 * 3 0 6
+4 * 3 0 6
+4 * 3 0 6
+4 * 3
+4 * 3 0 6
fe=(65)
+4 +91 3 3 0 0 1
+4 * 3
+4 +2 3 3 0 0 1 0 0 1
+4 +1 3 3
+4 +2 3
+4 +3 1 1
+4 -24 1 0 1
+4 +24 1 1
+4 -16 1
+4 +16 1
+4 +4 1 1
+4 * 1
+4 * 1
fi=(66)
+4 76 1
+4 * 1
+4 * 1
+4 * 1 0 1
+4 * 1
+4 * 1
fe=(65)
+4 +71 1
fi=(66)
+4 -71 1
fe=(65)
+4 +71 1
+4 * 1 0 1
+4 * 1 0 1
+4 * 1 0 1
+4 36 1 1
+4 * 1
+4 * 1
+4 200 1 1
+4 * 1 1
+4 36 1
+4 * 1
+4 * 1
+4 200 1
+4 36 1 1
+4 * 1
-40 * 1 1
+4 * 1
+4 * 1
+4 200 1 1 0 0 1 0 0 1
+4 * 1 1
+4 36 1
+4 * 1
+4 * 1
+4 200 1
+4 36 1 1
+4 * 1
+8 +1 5 5
+4 -1 5
+4 +2 7
+4 * 7
+4 * 7
cfi=(46)
cfn=(154)
calls=7 0x9b10 +30 
* * 486 113 28 0 1
+4 * 7
+4 * 2
+4 204 2
+4 +4 2
+4 +5 2 2
+4 +5 2
+4 * 2
+4 -5 2 0 2
+4 * 2
+4 +5 2 0 2
+4 -5 2 0 4
+4 * 2 0 2
+4 * 2
+4 +5 2 2
+4 -1 2 2
+4 +1 2 2
+4 -1 2 2 0 0 1 0 0 1
+4 * 2
+4 +1 2
-20 * 9 9
+4 -1 9 9
+4 +1 9 9
+4 -1 9 9 0 0 2 0 0 2
+4 * 9
+4 +1 9
+4 * 8
+4 * 8 8
+4 * 8 8
+4 * 8 8
+4 * 8
+4 * 8
+4 * 8 8
+4 * 8 8
+4 * 8 8
+4 +3 8 8
+4 * 8 0 8
+4 56 8 8
fi=(4)
+4 +25 8 8
fe=(65)
+4 -25 8 8
+4 * 8
-32 218 3 3
+4 * 3 3
+4 * 3 3
+4 +3 3 3
+4 * 3 0 3
+4 56 3 3
fi=(4)
+4 +25 3 3
fe=(65)
+4 -25 3 3
+4 * 3
+12 +8 11
+4 * 11 11
+4 * 11
+4 +6 11 11
+4 * 11
+4 +16 11 11
+4 +1 11
+4 +2 11 11
+4 * 11
+4 +5 11 11 0 0 1 0 0 1
+4 * 11
+4 * 11
+4 +14 120 120 0 0 3 0 0 2
+4 * 120
+4 * 120
+4 +12 110 110 0 0 4 0 0 4
+4 * 110
+4 +4 109
+4 -30 109 109 0 0 6 0 0 6
+4 * 109
+4 * 109
0x10b54 +49 1 0 0 1 0 0 1
+4 * 1 0 1
+4 * 1
+4 +4 1 1
+4 * 1
+4 * 1
+4 * 1
cfi=(44)
cfn=(240)
calls=1 0x140e0 -14 
* * 2282 660 127 28 10 6 26 7 5
+32 +84 10 10
+4 +3 10 10
+4 -3 10
+4 * 10
+4 * 10
+4 +3 10
+4 +5 8
+4 -24 8
cfn=(233)
calls=8 0x10a30 +3 
* * 7482 2453 466 38 32 48 38 13 42
+4 110 10 10
+4 +3 10
+4 * 10 10
+4 * 10
+4 * 10
cfi=(26)
cfn=(76)
calls=10 0x1c1c0 -49 
* * 615 102 0 0 7 0 0 6
+4 * 10
+4 224 10 10
+4 * 10
+4 * 10
+4 * 10
+4 * 10
+60 +10 2 4
+4 * 2 2
+4 +9 2 2
+4 * 2
0x10d0c 128 1 1 0 1 0 0 1
+4 * 1
0x10da4 +28 2 0 2
+4 +8 2
+4 +93 2
+4 * 1
cfn=(233)
calls=1 0x10f20 368 
* * 8 13
+4 * 2 2 0 1 0 0 1
+4 * 2
+4 * 2 2
+4 * 2 0 0 1 0 0 1
+4 * 2
+4 +3 2 2
+4 * 2 2
+4 * 2
+4 * 2
cfn=(233)
calls=2 +8 +3 
* * 730 266 103 1 1 12 1 0 11
+4 +10 23
+4 -7 23 23
+4 +3 23 23
+4 -3 23
+4 * 23
+4 * 23
+4 +3 23
-20 -3 2 2
+4 +3 2 2
+4 -3 2
+4 * 2
+4 * 2
+4 +3 2
+4 +8 2
fi=(23)
+4 44 3
+4 * 3
+4 * 3 0 0 1 0 0 1
+4 * 3 0 3
+4 * 3 3
fe=(65)
+4 280 3
fi=(23)
+4 44 3
cfi=(24)
cfn=(62)
calls=3 0x9944 +34 
* * 105 21 21
fe=(65)
+4 279 3 0 3 0 0 1
+4 +2 3 3
fi=(23)
+4 44 3
fe=(65)
+4 281 3
+4 +13 3 3 0 0 1
fi=(4)
+4 81 3 3
fe=(65)
+4 294 3 3 0 0 1
+4 -3 3 0 3
+4 +3 3
+4 * 3 0 3 0 0 1
+4 +2 3
+4 +3 2 2 0 1 0 0 1
+4 +11 2
+4 -11 2 2
+4 * 2
+4 +4 2 2
+4 * 2
+4 * 2
cfn=(233)
calls=2 +8 +3 
* * 544 211 105 3 1 13 3 0 13
-8 * 1 1
+4 * 1
+4 * 1
cfn=(233)
calls=1 +8 +3 
* * 158 56 32 1 1 3 1 0 3
+4 +18 9
+4 -15 9 9
+4 * 9
+4 +2 9
+4 * 9
-12 -2 3 3
+4 * 3
+4 +2 3
+4 * 3
+4 +2 12
+4 +2 12 12
+4 -2 12 12
+4 +1 12
+4 -1 12 0 0 1 0 0 1
+4 +3 12 12
+4 -1 12
+4 +1 12
+4 -2 12 0 24 0 0 6 0 0 6
+4 +1 12 0 12
+4 +1 12 0 12
+4 +3 12 12
+4 * 12
+4 +8 3 3
+4 * 3
+4 +5 1
+4 -28 1
cfn=(233)
calls=1 -96 +2 
* * 161 57 32 1 1 3 1 0 3
+4 +33 2
+4 +3 2 2
+4 +11 2
+4 -11 2 0 0 1 0 0 1
+4 * 2
cfn=(233)
calls=2 +8 +6 
* * 375 170 69 0 0 9 0 0 9
+4 +20 23
+4 -14 23 23
+4 * 23
-4 * 2 2
+4 * 2
+4 +4 23 23
+4 -6 23 46
+4 +7 23
+4 * 23
+4 +1 23 23
+4 -1 23
+4 +1 23
+4 -1 23 0 23 0 0 7 0 0 7
+4 +1 23 0 23
+4 +1 23 0 23 0 0 2 0 0 2
+4 +3 23 23
+4 * 23
-4 * 2 2
+4 * 2
+4 +12 2
+4 +1 2 2 0 1 0 0 1
+4 * 2
+4 +1 2 2 0 0 1
+4 * 2
+12 +1 4 8
+4 * 4 8
+4 * 4 8
+4 * 4 8
+4 +19 4 8
+4 * 4 4
+4 * 4 8
+4 * 4
+4 143 1 1 0 1 0 0 1
+4 -1 1 1
+4 * 1
+32 * 1
+4 * 1
+4 * 1
+4 * 1
+4 * 1
+4 * 1
+4 * 1 0 0 1 0 0 1
cfi=(67) ./elf/./elf/dl-exception.c
cfn=(236) _dl_exception_create_format
calls=1 0x2d60 -35 
* * 3234 794 212 42 12 11 40 8 8
+40 274 1
+8 +60 1
+4 -40 1 1
+4 * 1
cfn=(233)
calls=1 0x10eb8 +43 
* * 77 40 12 0 0 2 0 0 2
0x11180 397 2 2
+4 +1 2
+4 * 2
+4 * 2
+4 * 2
+4 * 2
cfn=(233)
calls=2 0x10920 155 
* * 1769 573 193 1 8 15 1 4 13
+4 -2 3 3
+4 +2 3
+4 * 3
+4 -1 3
+4 -1 3
+4 * 1 2
+4 +5 1
+4 * 1 2
+4 * 1 2
+4 * 1

fl=(31)
fn=(102) copy_hwcaps
0x14390 77 1 0 2 1 0 0 1
+4 * 1
+4 * 1 0 2
+4 +6 1
+4 -6 1
+4 +6 1
+4 -6 1 0 2
+4 * 1
+4 +10 1
fi=(34) ./elf/./dl-hwcaps.h
+4 -31 1 0 2
+4 +33 1 0 1
+4 -1 1 0 1
+4 +2 1 0 0 1 0 0 1
cfi=(31)
cfn=(103) copy_hwcaps'2
calls=1 +80 -10 
* * 29 14 7 0 0 1 0 0 1
fe=(31)
0x14864 292 1 1
+4 * 1
+4 * 1 1
+4 * 1
+4 * 1
+4 * 1
cfn=(103)
calls=1 0x14390 77 
* * 256 68 41 11 1 2 11 1 2

fn=(103)
0x14390 77 1 0 2
+4 * 1
+4 * 1 0 2
+4 +6 1
+4 -6 1
+4 +6 1
+4 -6 1 0 2
+4 * 1
+4 +10 1
fi=(34)
+4 -31 1 0 2
+4 +33 1 0 1
+4 -1 1 0 1
+4 +2 1
cfi=(31)
cfn=(103)
calls=1 +80 -10 
* * 36 16 8
fe=(31)
+80 -10 2
+4 * 2
cfi=(33) ./elf/./elf/dl-hwcaps_split.c
cfn=(94) _dl_hwcaps_split_masked
calls=2 0x14dc0 -29 
* * 49 18 15 0 0 1 0 0 1
+4 * 2
+4 * 2
+4 +13 2 4
+4 * 2 4
+4 * 2 4
+4 * 2
0x1487c 295 1 1
+4 * 1 0 1 1 0 0 1
+4 +1 1 1
+4 +7 1
+4 * 1
+4 +24 1 1
+4 +10 1 1
+4 * 1
+4 -10 1 0 1 0 0 1 0 0 1
+4 * 1 0 1
+4 +10 1 0 1
+4 * 1
+4 * 1 0 1
+4 -7 1
+4 * 1
0x14b88 +2 1 2 0 1 0 0 1
+4 * 1
+4 * 1
cfi=(25)
cfn=(68)
calls=1 0x1c880 72 
* * 20 3 3 0 1 1 0 1 1
+4 * 1
+4 * 1 1
+4 +1 1 1
+4 -1 1
+4 * 1 0 1
+4 +1 1
+4 * 1
+4 * 1
cfi=(25)
cfn=(68)
calls=1 0x1c880 72 
* * 16 2 2
+4 * 1 0 1
+4 -76 1 1
+4 * 1
+4 * 1 1 0 1 0 0 1
+4 * 1
cfn=(91) _dl_important_hwcaps'2
calls=1 0x14970 +96 
* * 140 37 11 8 0 0 8

fn=(90)
fi=(30)
0x5bd0 720 1
fi=(23)
+4 56 1 1
+4 * 1
fi=(30)
+4 720 1 0 1
fi=(23)
+4 56 1
cfi=(24)
cfn=(66)
calls=1 0x9820 -21 
* * 24 6 7
fi=(30)
+4 725 1 0 1
+4 +2 1
+4 +8 1 1
+4 * 1
+4 -1 1
+4 * 1
+4 +1 1
+4 * 1 0 0 1 0 0 1
fi=(23)
+4 56 1 1
fi=(30)
+4 734 1
+4 * 1
+4 +5 1
fi=(23)
+4 56 1
+4 * 1
cfi=(24)
cfn=(66)
calls=1 0x9820 -21 
* * 24 6 7
fi=(30)
+4 739 1 0 1
+4 +2 1 1
+4 * 1 1
+4 * 1
+4 +26 1 1
+4 -19 1
+4 * 1
+4 +13 1
+4 * 1
+4 -14 1 0 1 1 0 0 1
+4 +23 1
+4 * 1
+4 -22 1 0 1
+4 * 1
+4 +20 1
+4 -5 1
+4 +7 1
+4 -14 1 0 1
+4 +2 1
+4 * 1
+4 +1 1 0 2 0 0 1 0 0 1
+4 +2 1 0 1
+4 +7 1 0 1
+4 -6 1
+4 * 1 0 1
+4 +5 1 0 0 1 0 0 1
+4 +1 1 1
+4 * 1
+4 * 1
+4 * 1
cfi=(10)
cfn=(22)
calls=1 0x1ca80 42 
* * 15 0 4
+4 +2 1
+4 * 1
+4 * 1
+4 -8 1 1 0 0 1 0 0 1
+4 +8 1 0 1
+4 -14 1 0 1
+4 +7 1
+4 -4 1 0 2 0 0 1 0 0 1
+4 +4 1
+4 -1 1 0 2
+4 +4 1 1 0 0 1 0 0 1
+4 * 1 0 0 1 0 0 1
+4 * 1
+4 -3 1
+4 * 1
cfn=(89)
calls=1 -76 +4 
* * 829 179 109 30 2 5 29 1 5
fe=(31)
0x14430 175 1 0 2 1 0 1 1 0 1
+4 * 1
+4 * 1 0 2
+4 +13 1
+4 -13 1 0 2 1 0 0 1
+4 * 1
+4 +13 1
+4 -13 1 0 2
+4 +1 1
+4 -1 1 0 2 0 0 1 0 0 1
+4 +13 1
+4 -13 1 0 2
+4 * 1 0 2
+4 +1 1
+4 -1 1 0 2 0 0 1 0 0 1
+4 +1 1
+4 * 1
+4 * 1
cfi=(12)
cfn=(32)
calls=1 0x12430 408 
* * 24 3 1 0 1 0 0 1
+4 +2 1
+4 * 1
+4 -2 1 1 0 1 0 0 1
+4 +3 1 1
+4 -1 1 1
+4 +1 1
+4 * 1
+4 * 1 0 1
+4 -1 1
+4 +9 1
cfi=(32)
cfn=(92)
calls=1 0x14c40 29 
* * 2 0 0 1 0 0 1
+4 * 1 0 1
fi=(34)
+4 -99 1
+4 -32 1 0 2
+4 +33 1 0 1
+4 -1 1 0 1
+4 +2 1
cfi=(31)
cfn=(91)
calls=1 +24 -35 
* * 559 147 125 27 1 6 27 1 6
fe=(31)

fn=(91)
0x144cc 55 1 0 0 1 0 0 1
+4 * 1
cfi=(33)
cfn=(94)
calls=1 0x14dc0 -4 
* * 21 8 7 2 0 1 2 0 1
+4 * 1
+4 * 1
fi=(34)
+4 -1 1
+4 * 1
+4 +2 1 0 2
+4 +33 1 1
+4 * 1 0 1
+4 -1 1 1
+4 * 1 0 1
+4 +2 1
cfi=(31)
cfn=(91)
calls=1 +24 -35 
* * 526 137 114 24 1 5 24 1 5
fe=(31)
+24 -35 1 0 0 1 0 0 1
+4 * 1
cfi=(33)
cfn=(94)
calls=1 0x14dc0 -4 
* * 28 10 8 1 0 0 1
+4 * 1
+4 * 1
fi=(23)
+4 +1 1
fe=(31)
+4 +47 1
fi=(23)
+4 -47 1
+4 * 1 1
+4 * 1
cfi=(24)
cfn=(66)
calls=1 0x9820 -21 
* * 24 6 7
fe=(31)
+4 +47 1 0 1
+4 * 1
+4 +2 1
fi=(34)
+4 -51 1 1 0 1 0 0 1
fe=(31)
+4 +57 1
+4 -3 1 0 1
fi=(34)
+4 -52 1 0 2
+4 +1 1
cfi=(31)
cfn=(91)
calls=1 +36 +58 
* * 457 119 95 21 1 5 21 1 5
fe=(31)
+36 +58 1
+4 * 1
cfi=(33)
cfn=(96) _dl_hwcaps_split
calls=1 0x14c50 -90 
* * 10 5 4
+4 * 1
+4 * 1 0 0 1 0 0 1
fi=(34)
+4 -61 1
+4 * 1
+4 +2 1 0 2
+4 +33 1 1
+4 * 1 0 1
+4 -1 1 1
+4 * 1 0 1
+4 +2 1
cfi=(31)
cfn=(91)
calls=1 +36 +38 
* * 435 112 87 20 1 5 20 1 5
fe=(31)
+36 +38 1 0 0 1 0 0 1
+4 * 1
cfi=(33)
cfn=(94)
calls=1 0x14dc0 -77 
* * 28 10 8
+4 * 1
+4 * 1
+4 +8 1
+4 * 1
+4 +9 1
+4 * 1 1
+4 * 1
+4 * 1 0 1
+4 * 1
+4 * 1
0x14684 +54 1 0 0 1 0 0 1
+4 -1 1
+4 +1 1
+4 -1 1 0 1
+4 +1 1
+4 * 1 0 1
+4 +4 1
0x14774 +5 1 1 0 1 0 0 1
+4 +21 1
+4 -21 1
+4 +20 1 0 0 1 0 0 1
+4 * 1
+4 * 1
+4 * 1
+4 * 1
+4 * 1 0 1
+4 +10 1
+4 * 1
+4 * 1 1
+4 * 1
+4 +2 1
+4 * 1
+4 * 1
+4 +1 1 1
+4 -1 1 0 1
+4 +1 1 0 1
+4 +4 1 0 0 1 0 0 1
+4 * 1
+4 * 1
+4 * 1
+4 +1 1
+4 -1 1 0 1
+4 +4 1 1
+4 -3 1 0 1
+4 +3 1
+4 * 1
+4 +5 1 1
+4 -1 1
+4 * 1
+4 +4 1
+4 +1 1
+4 * 1
+4 +8 1 0 1 1 0 0 1
+4 +8 1 1
+4 * 1
+4 * 1 1
fi=(23)
+4 56 1
fe=(31)
+4 274 1
+4 * 1 0 1
fi=(23)
+4 56 1 1
fe=(31)
+4 274 1
fi=(23)
+4 56 1 1
fe=(31)
+4 274 1
+4 * 1 0 1 0 0 1 0 0 1
+4 +7 1
fi=(23)
+4 56 1
+4 * 1
cfi=(24)
cfn=(66)
calls=1 0x9820 -21 
* * 24 6 7 0 0 1 0 0 1
+4 * 1 0 1
fe=(31)
+4 282 1 0 0 1 0 0 1
+4 +8 1 1
+4 +1 1
+4 * 1 1
+4 * 1
+4 -1 1
+4 * 1 0 2
+4 +1 1
+4 * 1
cfn=(102)
calls=1 0x14390 77 
* * 304 84 58 13 1 3 13 1 3
0x14970 +62 1 1 0 1 0 0 1
+4 * 1
+4 * 1 1
+4 * 1
+4 * 1 0 0 1 0 0 1
+4 * 1
+4 +5 1
+4 +1 1 0 1
+4 -1 1
+4 * 1
-12 * 3
+4 +1 3 0 3
+4 -1 3
+4 * 3
+4 * 1 1
+4 +5 1
+4 * 1
+4 * 1
+4 * 1
+4 +3 1
+4 * 1 1
+4 -3 1
+4 * 1
+4 +3 1
-20 -3 1
+4 +3 1
+4 * 1 1
+4 -3 1
+4 * 1
+4 +3 1
+4 +1 4 0 0 1 0 0 1
+4 * 4
+4 * 4
+4 +1 4 4
+4 -1 4
+4 +1 4 4
+4 * 4
+4 -2 4
+4 +2 4
+4 * 4 0 4
+4 -1 4
+4 * 4
+4 -1 4
+4 * 2
+4 * 2
cfn=(91)
calls=2 -56 +1 
* * 141 55 9 9 0 0 9
0x14a64 +4 2 0 0 1 0 0 1
+4 * 2
+4 +5 1 1
+4 -2 1 1
+4 * 1
+4 +2 1
+4 * 1
+4 -1 1 1 0 1 0 0 1
+4 -1 1
+4 +1 1
+4 +1 1
+4 * 1
+68 +13 1 1 0 1 0 0 1
+4 * 1
+4 * 1
+4 * 1
+4 * 1
+4 * 1 1
+4 +3 1
+4 -3 1
+4 * 1 0 1
+4 +3 1
-16 -3 1 1
+4 +3 1
+4 -3 1
+4 * 1 0 1
+4 +3 1
+4 +3 1 1
+4 * 1 1 0 1 0 0 1
+4 * 1 1
+4 * 1
+4 * 1
+4 +6 1 2
+4 -86 1 0 1
+4 +86 1
+4 * 1 2
+4 * 1 2
+4 * 1 2
+4 * 1 2
+4 * 1 2
+4 * 1 2
+4 * 1
+68 -27 1 1 0 1 0 0 1
+4 * 1
cfn=(91)
calls=1 0x14b10 +27 
* * 10 14 1

fl=(33)
fn=(96)
0x14c50 25 6 0 12
+4 * 6
+4 * 6 0 12
+4 * 6
+4 +1 6 6
+4 * 6
+4 +4 3 3
+4 * 3
+4 * 3 0 3
+4 +4 3 3
+4 * 3
+4 * 3
+32 +2 3 0 0 1 0 0 1
+44 +11 6 12 0 1 0 0 1
+4 -20 6
+4 +20 6 12
+4 * 6

fn=(94)
0x14dc0 51 5 0 10 1 0 2 1 0 2
+4 * 5
+4 * 5 0 5
+4 * 5
+4 +3 5
+4 * 5
cfn=(96)
calls=5 0x14c50 -29 
* * 71 31 23 2 0 0 2
+4 * 5
+4 * 5
+40 +8 5 5
+4 * 5 10
+4 * 5

fl=(61)
fn=(210) _dl_cache_libcmp
0x111f0 368 9 9 0 1 0 0 1
+4 * 9
+4 +4 44 44 0 0 10 0 0 10
+4 -2 44
+4 * 44 0 0 1 0 0 1
+4 +2 44
+4 * 44
+4 -2 44
+4 * 44
+4 +20 43
+4 * 43
+4 +2 43
+4 * 43
+4 -24 35 35
+4 +28 35
+4 +1 35
+4 -29 35
+16 +4 1 0 0 1 0 0 1
+4 * 1
+4 +8 1 1
+4 -1 1
+4 -1 1
+4 +2 1
+4 * 1
+4 * 1
+4 * 1
+40 +2 1 1 0 1 0 0 1
+4 * 1
+4 * 1
+4 * 1
+4 -3 1
+4 +3 1
+36 +2 1
+4 * 1
cfn=(211) _dl_cache_libcmp'2
calls=1 0x111f0 -16 
* * 5 2
+20 +9 8
+4 +8 8

fn=(211)
0x111f0 368 1 1
+4 * 1
+64 +32 1 1
+4 * 1
+4 +1 1

fn=(202)
fi=(30)
0x76c0 2226 1 1 0 1 0 0 1
+4 * 1
+4 * 1
+4 * 1
cfn=(153)
calls=1 0x75bc +45 
* * 1744 338 353 19 33 56 5 31 56
0x779c -87 1
+4 +2 1
+4 +4 1
+4 +8 1 1
+4 * 1
+4 * 1
+4 +23 1
+4 * 1
+4 * 1
+4 * 1 0 0 1 0 0 1
+4 * 1
+4 * 1
+4 * 1 0 1
+4 * 1
cfn=(156)
calls=1 0x4884 1578 
* * 112 23 14 0 1 0 0 1
+4 * 1
+4 +4 1
+4 * 1
+4 +18 1 1
+4 -17 1 0 1
+4 +17 1 1
+4 * 1
fe=(61)
0x118f0 413 1 0 2 1 0 0 1
+4 * 1
+4 * 1 0 2
+4 +2 1
+4 -2 1 0 0 1 0 0 1
+4 +2 1 1
+4 -2 1 0 2
+4 +2 1
+4 +3 1
+4 * 1
+4 * 1 1 0 0 1 0 0 1
+4 * 1
0x11a00 +3 1 0 0 1 0 0 1
+4 * 1
+4 * 1
+4 * 1
+4 * 1
cfi=(46)
cfn=(204)
calls=1 0x9a70 36 
* * 1197 170 45 29 20 1 23 20 1

fn=(203)
0x11928 492 1
+4 * 1 1
+4 +3 1 1
+4 -3 1
+4 * 1
+4 +3 1 1
+4 * 1 0 0 1 0 0 1
+4 * 1
+4 * 1
+4 * 1
cfn=(208) search_cache
calls=1 0x112f0 206 
* * 1069 155 36 21 19 1 15 19 1

fn=(208)
0x112f0 206 1 0 2 1 0 0 1
+4 +5 1
+4 -5 1
+4 * 1 0 2
+4 * 1 0 0 1 0 0 1
+4 * 1 0 2
+4 * 1
+4 * 1 0 2
+4 * 1
+4 * 1
+4 +5 1
+4 -5 1 0 2
+4 * 1
+4 +5 1
+4 -5 1 0 2
+4 * 1
+4 +5 1
+4 -5 1 0 1
+4 +5 1 0 1
+4 * 1
cfi=(12)
cfn=(32)
calls=1 0x12430 408 
* * 24 3 1 3
+4 * 1 1 0 1 0 0 1
+4 +17 1
+4 * 1
+4 +3 1
+4 -15 1
+4 * 1
cfn=(209) search_cache'2
calls=1 +16 +14 
* * 879 119 2 11 19 0 11 19
0x11950 495 1
+4 +15 1 1
+4 * 1
+4 +4 1
+4 +8 1
+4 * 1
cfi=(18)
cfn=(48)
calls=1 0x1cbc0 51 
* * 26 3
+4 +1 1
+4 +1 1
+4 -1 1
+4 +1 1
+4 -1 1
+4 * 1
+4 +1 1 0 0 1 0 0 1
+4 * 1
cfi=(25)
cfn=(68)
calls=1 0x1c880 72 
* * 14 4 4
+4 +1 1
cfi=(36)
cfn=(116)
calls=1 0x1c420 40 
* * 80 18 15 3 0 1 0 0 1
+4 +1 1
+4 * 1 2
+4 * 1 2
+4 * 1 2
+4 * 1

fn=(209)
0x11358 359 3
+4 228 3
+4 * 3
+4 +2 8
+4 +9 8
+4 -9 8
+4 * 8
+4 +1 8
+4 * 8
+4 * 8 8 0 0 8 0 0 8
+4 -47 8 0 0 1 0 0 1
+4 +51 8
+4 * 8
+4 +4 8
+4 * 8
cfn=(210)
calls=8 0x111f0 368 
* * 601 82 0 4 9 0 4 9
+4 +1 8
+4 * 8
+4 356 7
+4 +1 4
+4 228 4
+4 * 4
+44 363 1 0 0 1 0 0 1
+4 230 1
+4 * 1
+4 * 1
+4 * 1
cfn=(209)
calls=1 +48 +18 
* * 133 29 2 5 2 0 5 2
+4 +20 1 1 0 0 1 0 0 1
+4 * 1
+4 +5 1
+4 * 1
+4 -71 1
+4 +69 1
+4 * 1
+4 +2 1
+4 * 1
cfn=(210)
calls=1 0x111f0 368 
* * 75 10 0 0 1 0 0 1
+4 * 1
+8 -7 1 0 0 1 0 0 1
+4 * 1
+4 -35 1
+4 * 1
+4 * 1
+4 * 1 0 1
+4 +1 1 1
+4 * 1
+4 * 1
+4 -1 1
+4 +1 1
+4 -1 1 0 0 1 0 0 1
+4 * 1
+4 * 1 0 1
+4 * 1
cfn=(209)
calls=1 +20 +54 
* * 33 17 0 3 0 0 3
+20 +54 1
+4 * 1
+44 +10 1 1 0 1 0 0 1
+4 * 1
+4 * 1
+4 +1 1 1
+4 * 1
+4 * 1
+4 +7 1 1
+4 * 1
+4 * 1
fi=(62)
+4 125 1 1
fe=(61)
+4 303 1
+4 * 1
fi=(62)
+4 125 1 0 0 1 0 0 1
+4 * 1
fe=(61)
+4 303 1
+4 * 1
+4 +3 1 1
+4 * 1
+4 * 1
0x11540 +13 1 0 0 1 0 0 1
+4 * 1
+4 * 1
+4 +21 1
+4 +23 1 2
+4 * 1
+4 * 1 2
+4 * 1 2
+4 * 1 2
+4 * 1 2
+4 * 1 2
+4 * 1

fl=(42)
fn=(136)
0x1c300 32 1 0 2 1 0 1 1 0 1
+4 * 1
+4 * 1 0 1 0 0 1 0 0 1
+4 * 1
+4 +1 1 1 0 0 1 0 0 1
+4 * 1
+4 +1 1 1
+4 * 1
+4 +5 1
+4 * 1
+4 +1 1
+4 +1 1
+4 +1 1
+4 +5 1
+4 -8 1 0 2
+4 +1 1 0 2 0 0 1 0 0 1
+4 +1 1 0 2 1 0 1 1 0 1
+4 +1 1 0 2 0 0 1 0 0 1
+4 -3 1 0 2
+4 +1 1 0 2
+4 +1 1 0 2
+4 +1 1 0 2
+4 +5 1 1
+4 * 1 0 1
+4 +1 1
-8 -1 2 2
+4 * 2 0 2
+4 +1 2
+4 +3 1 1
+4 * 1
+4 * 1 1
+4 * 1
+4 +1 1 1
+4 * 1
+4 * 1 1
+4 * 1 0 0 1 0 0 1
+4 +1 1 1
+4 * 1
+4 * 1 1
+4 * 1
+4 +1 1 1
+4 * 1
+4 * 1 1
+4 * 1
+4 +2 1
+4 +6 1 1
+4 +2 1 1
+4 +1 1 1
+4 -2 1 1
+4 -1 1 1
+4 +2 1 1
+4 +3 1 1 0 1 0 0 1
+4 * 1 1
+4 * 1
+4 * 1
+4 * 1
+4 * 1
+4 * 1
-48 -5 12 12
+4 +2 12 12
+4 +1 12 12
+4 -2 12 12
+4 -1 12 12
+4 +2 12 12
+4 +3 12 12
+4 * 12 12
+4 * 12
+4 * 12
+4 * 12
+4 * 12
+4 * 12
+4 +2 1
+4 +1 1
+4 * 1
+4 * 1
+4 * 1
+4 * 1
+4 * 1
+4 +1 1 1
+4 * 1 2
+4 * 1

fl=(67)
fn=(236)
0x2d60 107 1 0 2 1 0 1 1
+4 * 1
+4 * 1 0 2
+4 * 1 0 2
+4 * 1
+4 * 1 0 2
+4 * 1
+4 * 1 0 2 0 0 1
+4 * 1 0 2 1 0 0 1
+4 * 1 0 2
+4 * 1 0 1
+4 +1 1
+4 * 1
+4 +2 1
+4 * 1
cfi=(18)
cfn=(48)
calls=1 0x1cbc0 -59 
* * 26 3
+4 * 1
+4 +3 1
+4 +4 1 1 0 0 1 0 0 1
+4 -1 1
+4 * 1
+4 * 1
+4 * 1 0 2
+4 * 1 0 1
+4 * 1 0 2
+4 +1 1 0 0 1 0 0 1
+4 * 1
+4 * 1
cfn=(237) _dl_exception_create_format'2
calls=1 +24 +3 
* * 891 129 64 10 1 3 10 0 3
fi=(65)
0x10f84 +28 1
cfn=(233)
calls=1 0x10b54 -2 
* * 2289 661 128 29 10 6 27 7 5
fe=(67)

fn=(237)
0x2dcc 148 35
+4 * 35
+4 -31 35 35
+4 * 35
+4 * 35
+4 +3 37
+4 -2 37
+4 * 37
+4 +3 2 2
+4 * 2
+4 * 2
+4 * 2
+4 * 2
+4 * 2 0 0 1 0 0 1
+4 * 2
+4 * 2
+4 +3 2 2
+4 * 2 2
+4 * 2
+16 * 2 2
+4 * 2
cfi=(18)
cfn=(48)
calls=2 0x1cbc0 -73 
* * 33 3 0 0 1
+4 * 2
+4 -7 2 2
+4 * 2
+4 * 2
+8 +35 1 0 0 1 0 0 1
fi=(23)
+4 -96 1
+4 * 1
+4 * 1 1
+4 * 1
cfi=(24)
cfn=(66)
calls=1 0x9820 -21 
* * 24 6 7 0 0 1 0 0 1
+4 * 1
fe=(67)
+4 158 1
+4 -86 1
+4 +91 1 0 1
+4 -91 1 1
+4 +1 1
+4 * 1 1
+4 +3 1
+4 * 1
+4 * 1 0 1
+4 +98 1
+4 * 1 0 0 1 0 0 1
+4 * 1 0 2
+4 +2 1 1
+4 -2 1 0 1
+4 -3 1
+4 +3 1 0 2
+4 +2 1
+4 * 1
fi=(66)
+4 -99 1
+4 * 1 0 1
fe=(67)
+4 177 1
+4 * 1
-4 * 36
+4 * 36
+4 +53 35
+4 * 35
+4 +3 35
+4 -1 35 0 35
+4 -56 35 35 0 1 0 0 1
+4 * 35
+4 * 35
-8 * 2 2
+4 * 2
+4 * 2
+4 * 1 1
+4 +60 1
+4 * 1
+4 +2 1
+4 * 1 0 1
+4 +2 1
+4 * 1
+4 * 1
+4 +2 1
+4 * 1
+4 * 1
cfi=(25)
cfn=(68)
calls=1 0x1c880 72 
* * 14 4 4 0 0 1 0 0 1
+4 * 1 0 1
+4 +3 1 2
+4 * 1 2
+4 * 1 2
+4 * 1 2
+4 * 1 2
+4 * 1
+40 124 2 0 0 1 0 0 1
+4 * 2 0 2
+4 * 2 0 0 1 0 0 1
+4 * 2
+4 * 2 2
+4 * 2
+4 * 2
cfn=(237)
calls=2 0x2e24 * 
* * 1356 200 125 14 2 6 14 0 6
+16 +56 2 2
+4 -1 2
+4 +1 2
+4 * 2
0x3078 +4 2 2 0 1 0 0 1
+4 * 2 2
+4 * 2 0 0 1 0 0 1
+16 * 2 2
+4 +1 2
+4 * 2
cfi=(18)
cfn=(48)
calls=2 0x1cbc0 51 
* * 33 3
+4 +1 2
+4 -1 2
+4 +1 2
+4 * 2
+4 +2 2
+4 * 2
+4 * 2
+4 * 2
cfi=(25)
cfn=(68)
calls=2 0x1c880 72 
* * 30 4 4 0 0 1 0 0 1
+4 * 2
+4 +2 2
cfn=(237)
calls=2 0x2ec0 -14 
* * 380 69 42 0 0 2 0 0 2
+60 -6 2 0 0 1 0 0 1
+4 * 2 0 2 1 0 0 1
+4 * 2
+4 * 2
+4 * 2 2
+4 * 2
+4 * 2
cfn=(237)
calls=2 0x3090 * 
* * 469 78 46 0 0 3 0 0 3

fn=(252) _dl_exception_free
0x3164 250 1 0 2 1 0 0 1
fi=(23)
+4 50 1
fe=(67)
+4 250 1
fi=(23)
+4 50 1 1
fe=(67)
+4 250 1 0 1
+4 * 1
fi=(23)
+4 50 1 1
+4 * 1 0 0 1 0 0 1
cfi=(24)
cfn=(122)
calls=1 0x9984 +45 
* * 11 5 4 1
fe=(67)
+4 252 1 0 2
+4 +2 1 0 1
+4 +1 1 1
+4 * 1 2
+4 * 1

fl=(41)
fn=(132)
0x12b00 29 1 0 2 1 0 0 1
+4 * 1
+4 * 1 0 2
+4 +1 1
+4 * 1
+4 -1 1 0 2
+4 * 1
+4 +2 1 1
+4 -2 1 0 2
+4 +1 1 1
+4 +1 1
0x12b9c +6 1 2 0 1 0 0 1
+4 * 1 2
+4 * 1 2
+4 * 1 2
+4 * 1

fn=(188)
0x12cd0 77 2 0 4 1 0 0 1
+4 * 2
+4 * 2 0 4
+4 +1 2
+4 * 2
+4 -1 2 0 4
+4 * 2
+4 +1 2 2
+4 * 2
+4 +15 2 4
+4 * 2 4
+4 * 2 4
+4 * 2 0 0 1 0 0 1

fl=(18)
fn=(48)
0x1cbc0 51 20 0 0 2 0 0 1
+4 +2 20
+4 +1 20 20 0 0 1
+4 +1 20
+4 +1 20
+4 +1 20
+4 +1 20
+4 +1 20
+4 +1 20
+4 +2 7
+4 +1 7
+4 +1 7
+4 +1 7
+4 +3 13 13
+4 +1 13
+4 +1 13
+4 +1 13 0 0 1 0 0 1
+4 +1 13
+4 +1 4
+4 +2 4
+4 +2 4
+4 +1 4
+4 +1 4
+4 +1 4
+4 +4 9 9
+4 +1 9
+4 +1 9
+4 +1 9
+4 +1 9
+4 +1 4 4
+4 +1 4
+4 +1 4
+4 +1 4 0 0 1 0 0 1
+4 +1 4
+4 +1 4
+4 +2 4
+4 +2 4
+4 +1 4
+4 +2 4
+4 +1 4
+4 +1 4
+4 +1 4
-24 -8 5
+4 +2 5
+4 +1 5
+4 +2 5
+4 +1 5
+4 +1 5
+4 +1 5

fl=(52)
fn=(172)
0x1b700 50 9 0 0 1 0 0 1
+4 * 9
+4 +8 9
+4 * 9
+4 * 9
+4 * 9
+4 * 9
+4 * 9
+4 * 9
+4 +2 9

fl=(7)
fn=(12)
0x14e20 43 1 0 0 1 0 0 1
+4 * 1
+4 * 1
+4 * 1
+4 +1 1
+4 -1 1 0 1 0 0 1 0 0 1
+4 +1 1
+4 +1 1
+4 +1 1 0 0 1 0 0 1
+4 -1 1
+4 +1 1
+4 -1 1 0 2 0 0 1 0 0 1
+4 +1 1 0 1
+4 +1 1

fn=(108)
0x152d4 242 2 2 0 1 1 0 1 1
+4 * 2
+4 +2 2
+4 * 2 2
+4 +1 2
+4 +4 1 1
+4 * 1
+4 * 1
+4 * 1
+4 * 1
+4 * 1
+4 * 1 0 0 1 0 0 1
cfn=(109) strsep'2
calls=1 +12 +5 
* * 182 42 1
+52 +22 1

fn=(109)
0x152f8 249 13
+4 * 13
+4 * 13
cfn=(109)
calls=13 +12 +5 
* * 1183 273 13
+4 +7 28 28
+4 * 28
+4 -2 28
+4 * 28
+16 -5 14 14
+4 * 14
+4 * 1
+4 +18 1 0 1
+4 +3 1

fl=(35)
fn=(114)
0x1c100 54 7 0 0 2 0 0 1
+4 +2 7
+4 +1 7
+4 +1 7 7 0 0 1 0 0 1
+4 +1 7
+4 +1 7
+4 +1 7
+4 +1 7
+4 +1 7
+4 +1 7
+4 +1 7
+4 +1 7
+4 +1 7
+4 +2 4
+4 +1 4
+4 +3 4
+4 +1 4 0 0 1 0 0 1
+4 +1 4
+4 +1 4
+8 +4 4 4
+4 +1 4
+4 +1 4
+4 +1 4
+4 +1 4
+4 +1 4
+4 +1 2 2
+4 +1 2
+4 +1 2
+4 +1 2
+4 +1 2
+4 +1 2
+4 +1 1
+4 +8 1
+4 +1 1
+4 +1 1
+4 +1 1
+4 +2 1
+4 +1 1
+4 +2 1
+4 +1 1
+4 +1 1
+4 +1 1
-36 -11 2 0 0 1 0 0 1
+4 +1 2
+4 +1 2
+4 +1 2
+4 +2 2
+4 +1 2
+4 +2 2
+4 +1 2
+4 +1 2
+4 +1 2

fl=(48)
fn=(160)
0x1b590 26 2 0 0 1 0 0 1
+4 * 2
+4 * 2
+4 * 2
+4 * 2
+4 +1 2

fl=(9)
fn=(18)
0x155e0 102 1 0 2 1 0 1 1 0 1
+4 * 1
+4 * 1 0 2 0 0 1 0 0 1
+4 +1 1
+4 * 1
+4 -1 1 0 2
+4 * 1
+4 +4 1
+4 -4 1 0 2 1 0 0 1
fi=(5)
+4 +24 1
fe=(9)
+4 -24 1 0 2
+4 +1 1 0 1
+4 +3 1
cfn=(20) _dl_sysdep_parse_arguments
calls=1 0x15480 -28 
* * 344 116 72 9 12 12 9 12 12
+4 +4 1
+4 * 1 1
+4 * 1
cfi=(12)
cfn=(26)
calls=1 0x11da0 282 
* * 40763 9047 2322 532 248 213 477 210 199

fn=(20)
0x15480 78 1 0 2 1 0 1 1 0 1
+4 +1 1
+4 +1 1
+4 -2 1
+4 +1 1 1
+4 * 1 0 1 0 0 1 0 0 1
+4 +2 1
+4 -1 1 0 1
+4 -2 1 0 2
+4 +3 1
+4 * 1
+4 -3 1 0 2
+4 * 1
+4 +3 1
+4 * 1 0 1 0 0 1 0 0 1
+4 +2 1 1
+4 * 1 0 0 1 0 0 1
+4 * 1
+4 * 1 1 0 0 1 0 0 1
+4 * 1
-4 * 53 53 0 0 6 0 0 6
+4 * 53
+4 +7 1
+4 -4 1
+4 * 1
+4 +4 1
+4 * 1
+4 * 1
+4 -4 1
+4 * 1 0 1 0 0 1 0 0 1
+4 +4 1
cfi=(10)
cfn=(22)
calls=1 0x1ca80 -48 
* * 48 0 26 4 0 6 4 0 6
+4 * 1
fi=(11) ./elf/../sysdeps/unix/sysv/linux/dl-parse_auxv.h
+4 -58 1
+4 +9 1 1
+4 -9 1 0 0 1 0 0 1
+4 +1 1
+4 +6 1
+4 -6 1 0 1
+4 -1 1 0 1
+4 +7 1 0 1
+4 +2 1
+4 * 1
+4 +1 1
+4 * 1
-4 * 19
+4 * 19
+4 +1 20 20
+4 * 20 0 20
+4 -2 20 20 0 0 5 0 0 5
+4 * 20
+4 +7 1 2
+4 +1 1 2
fe=(9)
+4 +44 1 1 0 1 0 0 1
fi=(11)
+4 -48 1 1
fe=(9)
+4 +50 1 1
fi=(11)
+4 -41 1 1
+4 -1 1 1
fe=(9)
+4 +41 1 1
fi=(11)
+4 -44 1 1
+4 +1 1 1
+4 -5 1 1
+4 -1 1
+4 +1 1
+4 * 1
fe=(9)
+4 +50 1 2
fi=(11)
+4 -49 1 0 1
+4 +5 1 0 1
+4 +1 1 0 2 0 0 1 0 0 1
+4 -3 1 0 1 1 0 0 1
+4 +1 1 0 1
+4 -3 1 0 1
+4 +6 1 0 1 0 0 1 0 0 1
+4 -5 1 0 1
+4 -3 1 0 1
fe=(9)
+4 +47 1 0 1
+4 +1 1 0 1
+4 +1 1 0 1
+4 +1 1 2
+4 * 1 2
+4 * 1

fl=(15)
fn=(34)
0x1a480 36 1 0 0 1 0 0 1
fi=(72) ./elf/../sysdeps/unix/sysv/linux/brk_call.h
+4 -12 1
+4 * 1
fe=(15)
+4 +13 1
+4 * 1 0 1 0 0 1 0 0 1
+4 +1 1
+4 * 1
+4 +6 1
+4 +1 1

fl=(19)
fn=(50)
0x1a4c0 37 1 0 2 1 0 0 1
+4 * 1
+4 * 1 0 1
+4 +3 1
+4 -3 1 0 2
+4 * 1
+4 +3 1 1
+4 +18 1
+4 +4 1
+4 * 1
+32 +16 1 1 0 1 0 0 1
+4 * 1
+4 * 1 2
+4 * 1 2
+4 * 1

fl=(36)
fn=(116)
0x1c420 40 3 0 6 2 0 0 1
+4 * 3
+4 * 3 0 6
+4 * 3
+4 +1 3
cfi=(18)
cfn=(48)
calls=3 0x1cbc0 +10 
* * 71 8 0 1 0 0 1
fi=(37) ./string/../include/rtld-malloc.h
+4 +15 3
fe=(36)
+4 -15 3
fi=(37)
+4 +15 3
+4 * 3 3 0 2 0 0 1
+4 * 3
cfi=(24)
cfn=(66)
calls=3 0x9820 -21 
* * 72 18 21 1
fe=(36)
+4 -12 3
+4 +3 3
+4 * 3
+4 +1 3 6
+4 * 3 6
+4 -1 3
cfi=(25)
cfn=(68)
calls=3 0x1c880 +25 
* * 43 10 10 0 0 4 0 0 3

fl=(22)
fn=(72)
0x9d30 31 3 0 6 1 0 0 1
+4 +2 3
+4 -2 3
+4 * 3 0 6
+4 * 3 0 0 1 0 0 1
+4 * 3
+4 +2 3 3
+4 -2 3 0 3
+4 +2 3
+4 * 3
+4 * 3
cfi=(20)
cfn=(74)
calls=3 0x105c0 +11 
* * 6 0 0 1
+4 +2 3
+4 * 3
+4 * 3
+4 * 3
+4 * 3
+4 * 3
+4 * 3 3
+4 * 3
+4 * 2
+4 +3 2
+4 * 2 2
+4 * 2
-8 * 3
+4 * 3 3
+4 * 3
+4 +2 2 0 2
+4 +2 2 0 2
+4 +4 2
+4 * 2
+4 +4 2
+4 * 2
+4 -4 2
+4 +1 2 2 0 0 1
+4 -1 2
+4 +5 2 2
+4 -3 2
+4 -2 2 2
+4 +4 2 2
+4 -4 2
+4 * 2 0 2
+4 +1 2 0 2
+4 +3 2
+4 +1 2 4
+4 -3 2 0 2
+4 +3 2 4
+4 -1 2
cfi=(20)
cfn=(74)
calls=2 0x105c0 -6 
* * 4
+4 -5 1 0 1
+4 * 1
cfn=(73) _dl_add_to_namespace_list'2
calls=1 -80 +1 
* * 19 8 3 1 0 0 1
fi=(20)
0x105c0 -1 1
+4 * 1
fe=(22)

fn=(73)
0x9d94 46 1 0 0 1 0 0 1
+4 * 1
+4 +4 1
+4 * 1
+4 -4 1
+4 +1 1 1
+4 -1 1
+4 +5 1 1
+4 -3 1
+4 -2 1 1
+4 +4 1 1
+4 -4 1
+4 * 1 0 1
+4 +1 1 0 1
+4 +3 1
+4 +1 1 2
+4 -3 1 0 1
+4 +3 1 2
+4 -1 1

fn=(58)
0x9df0 59 1 0 2 1 0 1 1 0 1
+4 * 1
+4 * 1 0 2 0 0 1 0 0 1
+4 * 1
+4 * 1 0 2 1 0 0 1
+4 * 1
+4 * 1
+4 * 1 0 2
+4 +3 1
+4 -3 1
+4 * 1 0 2
+4 * 1 0 2
+4 * 1
+4 * 1
+4 +3 1
+4 * 1
0xa0e8 +2 1 0 0 1 0 0 1
+44 +2 1 0 0 1 0 0 1
+4 +1 1
+4 +4 1
+4 * 1
+4 * 1
+4 * 1
+4 * 1
+4 * 1
+4 +6 1
+4 * 1
cfi=(23)
cfn=(60) _dl_new_object
calls=1 0x9e54 -33 
* * 246 30 43 15 3 11 15 3 11
fi=(2)
0x17900 1658 1 1 0 1 0 0 1
+4 * 1
+4 +3 1 1
+4 +5 1
+4 * 1 0 1
+4 -6 1 0 1
+4 +1 1 1
+4 * 1 0 1 0 0 1 0 0 1
+4 -1 1 1
+4 +5 1
+4 -6 1 0 1
+4 +1 1 0 1
+4 +6 1 0 1
+4 -1 1
cfi=(22)
cfn=(72)
calls=1 0x9d30 31 
* * 44 10 9 3 0 0 3
+4 +1 1 1
+4 * 1 1
+4 * 1 0 0 1 0 0 1
+4 * 1
+4 * 1 1
+4 1364 1
+4 1123 1 1
+4 +1 1 1
+4 +7 1
+4 * 1
+4 -2 1 0 1
+4 +2 1 1 0 0 1 0 0 1
+4 +21 1
+4 -19 1 1
+4 +19 1
+4 -21 1 0 1
+4 +2 1
+4 +1 1 1
+4 -1 1 0 1 1 0 0 1
+4 +1 1
+4 * 1 0 1
+4 +18 1
+4 * 1
+4 +57 1
+4 * 1
+4 +45 1 1
+4 -82 1
+4 +37 1 1
+4 -37 1
+4 -19 1
+4 * 1
+4 +56 1
+4 -57 1
+4 +20 1
+4 * 1 0 0 1 0 0 1
+4 +82 1
+4 1126 1
+4 +27 1
+4 * 1
+4 -4 1
+4 +4 1 1 0 0 1 0 0 1
+4 * 1
+4 * 1
0x189d4 +4 1 1 0 1 0 0 1
+4 * 1
+4 * 1 0 1
+4 +1 1
cfn=(53)
calls=1 0x17a90 -6 
* * 17450 4090 2169 458 181 192 403 143 178
fe=(22)

fn=(59)
fi=(30)
0x60f8 1063 2
+4 +1 2
+4 +11 2 0 0 2 0 0 1
+4 +2 2 2
+4 +2 2
+4 +1 2 2
+4 * 2 4
+4 -1 2
+4 -3 2 2
+4 * 2 0 2
+4 -1 2 0 2 0 0 1 0 0 1
+4 +2 2 0 2
+4 +3 2
+4 +1 2
+4 -1 2
+4 * 2
+4 +20 2 2
+4 * 2
+4 -2 2 0 0 1 0 0 1
+4 * 2 0 2
+4 +2 2
+4 * 2
+4 +10 2
+4 -10 2
+4 * 2
+4 * 2
+4 +10 2
+4 * 2
+4 +27 2
+4 -26 2
+4 +62 2
+4 -63 2
+4 -6 2
+4 -1 2
+4 +34 2 2 0 1 0 0 1
+4 -26 2
+4 -9 2
+4 -1 2
+4 +36 2
+4 +9 2
+4 -50 2
+4 +15 2
+4 +62 2
+4 -62 2
+4 +62 2 0 2
+4 * 2
cfn=(163)
calls=2 +40 -62 
* * 1182 199 278 40 15 46 29 15 46
0x66b8 1279 2 2
+4 * 2
+4 * 2 0 2 1 0 0 1
fi=(56)
+4 39 2
+4 +6 2 2 0 0 2 0 0 2
+4 -2 2
+4 +2 2
+4 +7 2
+4 +3 2
+4 -2 2
+4 -1 2
+4 +2 2
+4 +1 2
+4 -2 2
+4 -4 2
+4 * 2
-4 * 10
+4 * 10
+4 +3 2
+4 -1 2
+4 * 2
+8 +17 10 0 10 1 0 4 1 0 4
+4 -23 10 10 0 0 3 0 0 3
+4 * 10
0x6a80 +9 2 0 0 1 0 0 1
+4 * 2
+4 * 2
0x6bcc +2 2 0 0 1 0 0 1
+4 * 2
+4 * 2
+4 * 2
0x6c5c +3 2 0 0 1 0 0 1
+4 * 2
+4 * 2
+4 * 2
+4 * 2
+4 +3 2
+4 * 2
+4 * 2
+4 * 2
+4 * 2 0 0 1 0 0 1
+4 +2 2
+4 * 2
+4 * 2
+4 * 2
cfn=(182)
calls=2 0x6708 +4 
* * 892 243 103 25 34 6 22 33 6
fe=(22)
0x9df0 -5 2 0 4 1 0 1 0 0 1
+4 * 2
+4 * 2 0 4
+4 * 2
+4 * 2 0 4 0 0 1 0 0 1
+4 * 2
+4 * 2
+4 * 2 0 4
+4 +3 2
+4 -3 2
+4 * 2 0 4
+4 * 2 0 4
+4 * 2
+4 * 2
+4 +3 2
+4 * 2
+4 +18 2
+4 +3 2
+4 -3 2 2
+4 +3 2
cfi=(18)
cfn=(48)
calls=2 0x1cbc0 -32 
* * 45 5
+4 * 2
+4 * 2
+4 +4 2
+4 +5 2
+4 * 2
fi=(23)
+4 -48 2
+4 * 2
+4 * 2 0 2 0 0 1 0 0 1
+4 * 2 2
+4 * 2
cfi=(24)
cfn=(62)
calls=2 0x9944 +34 
* * 105 17 16 3 0 2 2 0 2
+4 * 2
fe=(22)
+4 +51 2
+4 +5 2
+4 -2 2 0 2 0 0 2 0 0 2
+4 +6 2 2
+4 -4 2
+4 +3 2
+4 -1 2 0 2
+4 -3 2 0 2 0 0 2 0 0 2
+4 +5 2
+4 * 2
+4 -2 2 0 2
+4 +2 2
cfi=(25)
cfn=(68)
calls=2 0x1c880 -32 
* * 29 6 6 0 0 3 0 0 3
+4 * 2 0 2 0 0 1 0 0 1
+4 +2 2 2
+4 * 2
+4 * 2 0 2
+4 +13 2 2
+4 * 2
+8 +8 2 2 0 0 2 0 0 2
+4 +3 2
+4 * 2 0 2
+4 -3 2
+4 * 2 0 2
+4 +3 2 2
+4 * 2
+4 +6 3 0 3
+4 -4 3 0 3 0 0 1 0 0 1
+4 +7 3
+4 * 1
+4 * 1
+4 * 1
+4 * 1
+4 * 1
fi=(4)
+4 1352 1
+4 +2 1
+4 * 1
fe=(22)
+4 139 1 0 0 1 0 0 1
+4 * 1
+4 +2 1 0 1 0 0 1 0 0 1
+4 -2 1
+4 * 1
fi=(4)
-24 1354 15
+4 * 15
fe=(22)
+4 139 15
+4 * 15
+4 +2 15 0 15 0 0 3 0 0 3
+4 -2 15
+4 * 15
+4 +16 3
+4 * 3
+4 * 3
+4 -5 3
+4 +5 3
+4 -6 3
+4 +6 3 3
+4 -5 3 0 3 0 0 3 0 0 3
+4 -1 3 0 3
+4 +30 3
+4 -24 3
+4 +2 2
+4 * 2 0 2 0 0 1 0 0 1
+4 +3 2
+4 -3 2
+4 +7 2
+4 * 2 2
+4 * 2
+4 +4 2
+8 +8 1 0 1 1 0 1 1 0 1
+4 +3 1 0 1
+4 +10 1 1
+4 * 1
-8 -10 2 0 2 0 0 1 0 0 1
+4 +10 2 2
+4 * 2
+4 +2 2
+4 * 2
cfi=(18)
cfn=(48)
calls=2 0x1cbc0 51 
* * 58 7
+4 * 2
+4 * 2 0 0 1 0 0 1
+4 +4 2
+4 * 2
0x9ff8 +68 3 6 0 1 0 0 1
+4 * 3
+4 * 3 6
+4 * 3 6
+4 * 3 6
+4 * 3 6
+4 * 3 6
+4 * 3
+4 131 2
+4 * 2 0 2 0 0 2 0 0 2
+4 * 2
cfn=(59)
calls=2 0x9ed4 +5 
* * 418 103 38 3 0 7 3 0 7
+4 -8 2
+4 -4 2
+8 +34 1
+4 +7 1
+4 * 1
+4 * 1
cfn=(59)
calls=1 0x9f64 +16 
* * 12 13 2 2 0 1 2 0 1
+44 +85 2 0 0 1 0 0 1
+4 * 2
+4 * 2
cfi=(25)
cfn=(68)
calls=2 0x1c880 72 
* * 28 8 8 0 0 2 0 0 2
+4 * 2
+4 +5 2
+4 +1 2 2
+4 * 2
+4 * 2
-12 -1 40
+4 +1 40 40
+4 * 40
+4 * 40
+4 +2 2
+4 * 2
+4 +3 2 0 2
+4 +3 2 0 2
+4 * 2
cfn=(59)
calls=2 0x9ff8 +4 
* * 16 24
+4 -91 2 2 0 1 0 0 1
+4 * 2
+4 * 2
+4 * 2
fi=(23)
+32 56 2
+4 * 2
+4 * 2 2
+4 * 2
cfi=(24)
cfn=(66)
calls=2 0x9820 -21 
* * 48 12 14
+4 * 2
fe=(22)
+4 200 2

fl=(63) ./elf/../include/scratch_buffer.h
fn=(216) _dl_map_object_deps
0x24cc 85 1 1
+4 * 1 1
+4 * 1
+4 * 1
fi=(59)
+16 448 1
+4 * 1 1
+4 * 1
+4 * 1 1
+4 * 1
+4 * 1
0x29b0 +1 1 0 0 1 0 0 1
+4 * 1 1
+4 * 1 0 1
+4 * 1
cfn=(193)
calls=1 0x2500 +3 
* * 403 131 82 18 0 1 17 0 1
fe=(63)

fl=(45)
fn=(148)
0x1bb00 35 4 0 0 2 0 0 1
+4 +4 4 0 8 0 0 1 0 0 1
+4 +1 4 0 8
+4 +1 4 0 8 0 0 1 0 0 1
+4 +1 4 0 8
+4 +1 4 0 8 0 0 1 0 0 1
+4 +3 4
+4 * 4 4 0 0 1
+4 * 4
+4 +1 4 0 8
+4 +8 4 0 8 0 0 1 0 0 1
+4 +1 4 0 8 0 0 1 0 0 1
+4 +1 4 0 8
+4 +1 4 0 8
+4 +2 4
+4 +1 4
+4 * 4 4 0 1 0 0 1
+4 * 4
+4 +1 4 0 4
+4 +7 4
+4 +1 4

fl=(13)
fn=(46)
0x11cc0 133 1
+4 * 1
fi=(12)
+4 -10 1
+4 * 1
+4 * 1
+4 +7 1
+4 * 1
+4 +1 1
+4 * 1
+4 +6 1
+4 -1 1 0 2
+4 -2 1 0 1
+4 +3 1 0 1
+4 +1 1
fe=(13)

fn=(28)
0x11e50 140 1 1
+4 +1 1
+4 * 1
+4 * 1
+4 * 1
fi=(12)
+4 +95 1
+4 * 1
cfn=(27)
calls=1 +20 +75 
* * 22041 4692 0 3 59 0 3 59
fe=(13)

fn=(29)
0x11e44 140 12 12 0 0 1 0 0 1
+4 * 12
+4 * 12
+4 * 65 65
+4 +1 65
+4 * 65
+4 * 65
+4 * 53
fi=(12)
+4 +95 53
+4 * 53
cfn=(27)
calls=53 +20 +75 
* * 584414 124874 0 53 630 0 53 630
fe=(13)

fl=(68)
fn=(244)
0xbdb0 274 1 0 2 1 0 1 1 0 1
+4 +3 1
+4 * 1
+4 -3 1
+4 +3 1 0 0 1 0 0 1
+4 * 1
+4 * 1 0 2
+4 +1 1
+4 -1 1 0 1
+4 -3 1
+4 +3 1 0 2
+4 +1 1
+4 -4 1 0 1
+4 +4 1 2
+4 -4 1 0 1
+4 * 1 0 1
+4 * 1 0 1
+4 * 1 0 1
+4 * 1 0 1
+4 * 1 0 1
+4 * 1 0 1 1 0 0 1
+4 * 1 0 2
+4 +4 1
+4 * 1
+4 -4 1 0 2
+4 +4 1
+4 -4 1 0 2
+4 * 1 0 1
+4 +4 1 0 2
+4 * 1
cfn=(246) _dl_debug_vdprintf
calls=1 0xb510 36 
* * 372 56 33 12 1 0 12 1
fi=(65)
0x10b70 148 1
+4 * 1
cfi=(67)
cfn=(252)
calls=1 0x3164 250 
* * 24 10 10 3 0 0 2
+4 +76 1 1
+4 * 1
+4 * 1
+4 * 1
+4 * 1
+4 +7 1 1
+4 +3 1 1
+4 -3 1
+4 * 1
+4 * 1
+4 +3 1
+4 +5 1
+4 -24 1
cfn=(233)
calls=1 0x10a30 +3 
* * 1807 577 54 6 9 5 6 6 4
fe=(68)

fn=(246)
0xb510 36 1 0 0 1 0 0 1
+4 * 1 0 2
+4 * 1
+4 * 1 0 2
+4 * 1 0 2
+4 * 1
+4 * 1 0 2
+4 * 1 1
+4 * 1 0 2
+4 * 1 0 2
+4 * 1 0 1
+4 +7 1 1 0 0 1 0 0 1
+4 * 1 2 0 1 0 0 1
+4 * 1 0 1
+4 * 1
fi=(66)
+4 +33 1
+4 * 1
+4 * 1
fe=(68)
+4 -11 1
fi=(66)
+4 +11 1
fe=(68)
+4 -36 1
+4 -1 1
+4 +26 1
fi=(66)
+4 +11 1
fe=(68)
+4 -29 1
+4 * 1
+44 +26 1 1 0 1 0 0 1
+4 * 1
+4 * 1
+4 * 1
0xb654 +4 1 0 0 1 0 0 1
+4 * 1
+4 +1 1
+4 * 1 0 1
+4 +3 1
+4 * 1
+4 * 1
+4 +11 1 1
+4 * 1
+4 * 1
+4 * 1
+4 -8 1 0 0 1 0 0 1
+4 +1 1
+4 +15 1
+4 * 1
+4 -14 1
+4 +21 1
+4 * 1
+4 +9 1
+4 * 1
+4 * 1
+4 * 1
+4 * 1
+4 * 1
0xb8b0 +8 1 0 0 1 0 0 1
+4 * 1
+4 +62 1
0xba20 * 1 0 0 1 0 0 1
+4 * 1
+4 * 1
0xbae4 * 1 1 0 1 0 0 1
+4 * 1
+4 * 1
+4 * 1
cfn=(247) _dl_debug_vdprintf'2
calls=1 0xb8c8 * 
* * 306 47 18 4 0 0 4
0xbe28 +94 1 2
+4 * 1

fn=(247)
0xb570 47 3
+4 * 3
+44 +26 3 3
+4 * 3
+4 * 3
+4 * 3
+4 * 3
+4 * 3
+4 * 3
+4 * 3
+4 * 3 0 0 1 0 0 1
+4 * 3
+4 * 3
-8 * 2
+4 * 2
+4 * 2
+4 * 5 5
+4 * 5
+4 * 5
+4 * 5
+4 +4 3
+4 * 3
+4 +1 3
+4 * 3
+4 * 3 0 3
+4 * 3
+4 +1 3
+4 * 3
+4 * 3 0 3
+4 +2 3
+4 * 3
+4 204 1
+4 * 1
+4 * 1
+4 43 1 1
+4 * 1
-4 * 3 3 0 1 0 0 1
+4 * 3
fi=(69) ./elf/../sysdeps/unix/sysv/linux/dl-writev.h
+4 -7 1
+4 * 1
+4 * 1
+4 * 1 1
+4 * 1
fe=(68)
+4 224 1
+4 * 1 2
+4 * 1 2
+4 * 1 2
+4 * 1 2
+4 * 1 2
+4 * 1 2
+4 * 1
+4 * 1
+32 92 2 2
+4 * 2
+4 * 2
+4 * 2
+4 -8 2
+4 +1 2
+4 +15 2
+4 * 2
+4 -14 2
+4 +21 2
+4 * 2
+4 +9 2
+4 * 2
+4 * 2
+4 * 2
+4 * 2
+4 * 2
0xb8b0 +8 2
+4 * 2
+4 +62 2
+16 * 3 3 0 1 0 0 1
+4 * 3
+4 * 3
+4 * 3
+4 * 3 0 3
+4 * 3 0 3
+4 * 3 0 3
+4 +1 3
cfi=(18)
cfn=(48)
calls=3 0x1cbc0 51 
* * 78 9
+4 +1 3 3
+4 * 3 3
+4 * 3
+4 * 3
+16 -1 3 0 0 1 0 0 1
+4 +3 3
+4 +12 3
+4 -15 3 0 3
+4 +15 3
cfn=(247)
calls=3 0xb614 43 
* * 480 89 24 2 0 0 2
0xba20 -16 2
+4 * 2
+4 * 2
0xbae4 * 2 2
+4 * 2
+4 * 2
+4 * 2
cfn=(247)
calls=2 0xb8c8 * 
* * 303 60 18

fl=(54)
fn=(176)
0x1b780 120 4 0 0 1 0 0 1
+4 * 4
+4 * 4
+4 * 4
+4 * 4
+4 +2 4

fn=(178)
0x1b7c0 120 2 0 0 1 0 0 1
+4 * 2
+4 * 2
+4 * 2
+4 * 2
+4 +2 2

fl=(59)
fn=(192)
0x2020 144 1 0 0 1 0 0 1
+4 -1 1
+4 +1 1
+4 * 1
+4 -1 1 0 2 0 0 1 0 0 1
+4 * 1
+4 +1 1
+4 * 1
+4 -1 1 0 2 1 0 0 1
+4 * 1 0 2
+4 * 1 0 2
+4 * 1
+4 -7 1
+4 +7 1 0 2 0 0 1 0 0 1
+4 * 1 0 2
+4 +1 1
+4 * 1
+4 -14 1
+4 +13 1 0 1
+4 * 1 0 1 0 0 1 0 0 1
+4 -15 1 0 1 0 0 1 0 0 1
+4 +2 1 0 2 0 0 1 0 0 1
+4 +6 1 1
+4 * 1
+4 * 1 0 1 1 0 0 1
+4 +24 1
+4 * 1
+4 * 1
+4 -30 1
+4 -2 1 0 1
+4 +33 1 1
+4 -1 1
+4 -30 1
+4 * 1 0 2
+4 +30 1
+4 -24 1 1
+4 * 1
+4 * 1 0 1
+4 +24 1
+4 * 1
+4 +28 1 1 0 1 0 0 1
+4 -60 1
+4 * 1 0 1
+4 +2 1
+4 * 1 0 1
+4 232 1
+4 * 1
+4 * 1 0 1
+4 -50 1
+4 +2 1 0 1
fi=(63)
+4 77 1
fe=(59)
+4 182 1 1
+4 * 1 0 1
+4 +2 1
fi=(63)
+4 77 1 0 1
+4 * 1 0 1 0 0 1 0 0 1
fe=(59)
+4 184 1 0 1 1 0 0 1
fi=(63)
+4 78 1
+4 * 1 0 1
fe=(59)
+4 +86 1 1
+4 +29 1 1
+4 +4 1 1
+4 -33 1 0 1
+4 +29 1
+4 * 1 0 1
+4 +4 1
+8 +11 1 1
+4 * 1
0x21d8 -10 1 1 0 1 0 0 1
+4 * 1
+4 * 1
+4 * 1
+44 +12 1 1 0 1 0 0 1
fi=(4)
+4 81 1 1
fe=(59)
+4 210 1 1
+4 * 1 0 1
+4 * 1
+16 +11 1 1
+4 -5 1 0 1 0 0 1 0 0 1
+4 +1 1 1
+4 * 1 0 1
+4 +1 1 1 0 1 0 0 1
+4 * 1 0 1
+4 +3 1 1
+4 -6 1 1
+4 * 1 0 1
+4 +6 1
+4 * 1 1
+4 * 1 0 1
+4 +7 1
+4 -38 1
+4 +38 1
+4 -6 1
+4 * 1
+4 * 1
+4 +6 1 1
+4 * 1 1
+4 * 1 0 0 1 0 0 1
+4 * 1
+4 * 1
cfi=(30)
cfn=(112)
calls=1 0x5370 +10 
* * 30 5 4 1 1 1 0 1 1
+4 * 1
+4 * 1
0x24a4 +4 1 1 0 1 0 0 1
+4 -4 1
+4 +4 1
+4 * 1
+4 -2 1 0 1
+4 +2 1
cfi=(44)
cfn=(146)
calls=1 0x14230 -57 
* * 6279 1272 878 134 72 77 89 55 76
* * 4 1
fi=(2)
0x18588 1990 1 2 0 1
+4 * 1 1
+4 * 1
+4 +1 1 1
+4 * 1
+4 * 1
+4 * 1 1
+4 -1 1
+4 * 1
+4 +1 1 1
+4 * 1
+4 * 1 0 1
+4 -1 1
-24 +1 3 3
+4 -1 3
+4 * 3
+4 +1 3 3
+4 * 3
+4 * 3 0 3
+4 -1 3
+4 +4 1 1
+4 * 1 0 0 1 0 0 1
+4 * 1 1
+4 * 1 1
+4 * 1 0 1
+4 +1 1
+4 +1 1 0 1
+4 +2 1
+4 * 1
+4 +1 1
+4 -1 1
+4 * 1
cfn=(53)
calls=1 +16 +1 
* * 5919 1587 463 68 46 29 66 29 19
fe=(59)

fn=(193)
0x212c 208 2 2 0 0 1
+4 * 2
+4 * 1 1
+4 * 1
+4 * 1 1
+4 -18 1
+4 +18 1
+4 417 1
fi=(23)
+4 56 1
fe=(59)
+4 419 1
+4 * 1 0 1
fi=(23)
+4 56 1 1
fe=(59)
+4 422 1
+4 * 1
fi=(23)
+4 56 1
+4 * 1
cfi=(24)
cfn=(66)
calls=1 0x9820 -21 
* * 24 6 7
+4 * 1
fe=(59)
+4 423 1
+4 +6 1 0 1
+4 +1 1
+4 +1 1
+4 -1 1
+4 * 1
+4 * 1
cfi=(25)
cfn=(68)
calls=1 0x1c880 72 
* * 15 2 2
+4 +1 1
+4 * 1
+4 * 1
+4 * 1
cfi=(25)
cfn=(68)
calls=1 0x1c880 72 
* * 15 2 2
+4 +2 1
+4 +2 1 1
+4 -1 1 0 1
+4 +1 1
+4 * 1 0 1
+4 +4 1 1
+4 * 1 1
+4 * 1
+4 188 1 1
+4 +5 1 1
+4 -5 1 1
+4 +5 1
+4 +4 1 1
+4 -4 1 0 1
+4 +4 1
+4 +1 1 1
+4 * 1
+4 * 1
+4 * 1
+4 * 1 1
+4 * 1
fi=(63)
+4 -67 1
+4 * 1
+4 * 1
+4 * 1
cfi=(64)
cfn=(219)
calls=1 0x1b620 30 
* * 16 5 4
fe=(59)
+4 +70 2 0 0 1
+4 * 2
+4 +4 2 2
+4 * 2
cfn=(193)
calls=2 0x212c +3 
* * 2403 622 365 38 9 4 36 2 4
+4 +5 1 1
fi=(4)
+4 81 1 1
fe=(59)
+4 210 1 1
+4 * 1 0 1
+4 * 1
+16 +11 1 1
+4 -5 1 0 1
+4 +1 1 1
+4 * 1 0 1
+4 +1 1 1 0 0 1
+4 * 1 0 1
+4 +3 1 1
+4 -6 1 1
+4 * 1 0 1
+4 +6 1
+4 * 1 1
+4 * 1 0 1
+4 +7 1
+4 -38 1
+4 +38 1
+4 -6 1
+4 * 1
+4 * 1
+4 +6 1 1
+4 * 1 1
+4 * 1
+4 * 1
+4 * 1
cfi=(30)
cfn=(112)
calls=1 0x5370 +10 
* * 40 6 4
+4 * 1
+4 * 1
0x24a4 +4 1 1
+4 -4 1
+4 +4 1
+4 * 1
+4 -2 1 0 1
+4 +2 1
cfi=(24)
cfn=(66)
calls=1 0x9820 35 
* * 525 165 100 19 3 2 18 1 2
cfi=(44)
cfn=(147)
calls=1 0x14230 -57 
* * 318 84 59
* * 214 27 2
+72 452 1 1 0 1 0 0 1
+4 * 1 0 1
+4 * 1
+24 +11 1 1
fi=(23)
+4 56 1
+4 * 1 1
fe=(59)
+4 463 1
+4 * 1
fi=(23)
+4 56 1
+4 * 1
cfi=(24)
cfn=(67)
calls=1 0x9820 -21 
* * 24 6 7
+4 * 1
fe=(59)
+4 465 1 0 0 1 0 0 1
+4 +5 1 1
+4 +4 1
+4 -2 1
+4 -1 1 0 1
+4 -1 1
+4 * 1
+4 * 1 0 1
+4 +8 1 1
+4 * 1 1
+4 * 1
-8 * 3 3
+4 * 3 3
+4 * 3
+4 +5 4
+4 +2 4 0 4 0 0 1 0 0 1
+4 -2 4
+4 +2 4
+4 +5 4 4
+4 * 4 0 0 1 0 0 1
+4 * 4 0 4
+4 -16 4 4
+4 * 4
+4 +21 1 1
+4 * 1 0 1
+4 * 1
0x2650 +37 1 0 0 1 0 0 1
+4 * 1
+4 +4 1 1
+4 +11 1
+4 * 1
+4 -14 1
0x26d4 +20 1 1 0 1 0 0 1
+4 * 1
+4 * 1
+4 -1 1
+4 * 1
+4 * 1
+4 +1 1 1
+4 * 1
+4 * 1
+4 * 1
+4 -1 1 1
+4 * 1 0 0 1 0 0 1
+4 * 1
+4 * 1
cfi=(14)
cfn=(222)
calls=1 0xedd0 304 
* * 253 84 58 11 0 0 10
+4 +5 1 0 1
+4 +1 1
+4 +2 1 1
+4 -1 1 0 1
+4 +1 1
+4 * 1 0 1
+4 +1 1
+20 +7 1 1
+4 * 1
+8 +3 1 0 0 1 0 0 1
+4 +3 1
+4 * 1 2
+4 * 1 2
+4 * 1 2
+4 * 1 2
+4 * 1 2
+4 * 1 2
+4 * 1
+4 * 1
0x286c 442 1 1
+4 * 1
+4 -1 1 1
+4 * 1 1
+4 * 1 0 1
+4 +1 1
0x29a4 547 1
+4 * 1
cfi=(25)
cfn=(68)
calls=1 0x1c880 72 
* * 14 2 2
+4 * 1
cfn=(193)
calls=1 0x26d4 +6 
* * 286 101 61 14 0 0 13

fn=(194)
0x1fd0 61 3 0 6 1 0 1 1 0 1
+4 * 3
+4 * 3
+4 * 3 0 3
+4 * 3
+4 +3 3 3
+4 * 3 3
+4 +1 3 3
+4 -1 3
+4 * 3
+4 +2 1 1
+4 -2 1
+4 * 1 1
+4 * 1 2
+4 * 1
cfi=(30)
cfn=(152)
calls=1 0x7404 1971 
* * 249 63 20
-8 * 2 2
+4 * 2 4
+4 * 2
cfi=(30)
cfn=(152)
calls=2 0x7404 1971 
* * 4495 841 583 92 61 69 59 54 68
+4 * 2 0 2
+4 +5 2 2
+4 * 2 4
+4 * 2
fi=(44)
0x14280 209 1 0 0 1
+4 * 1 2
+4 * 1 0 1
+4 +1 1 0 2
+4 * 1 0 1
+4 -25 1
+4 +34 1 1
+4 * 1 2
+4 * 1
fe=(59)

fl=(10)
fn=(22)
0x1ca80 42 7 0 0 1 0 0 1
+4 +4 7
+4 +1 7
+4 +1 7
+4 +2 6
+4 +1 6
+4 +1 6
+4 +3 4
+4 +1 4
+4 +1 4
+4 +1 4 0 4 0 0 1 0 0 1
+4 +1 4 0 4
+4 +1 4 0 4
+4 +1 4 0 4
+4 +1 4
+8 +5 1 0 0 1 0 0 1
+4 +1 1
+4 +1 1
+4 +1 1
+4 +1 1
+4 +1 1 0 1 0 0 1 0 0 1
+4 +1 1 0 1
+4 +1 1 0 1
+4 +1 1 0 1
+4 +1 1
+28 +12 2 0 0 2 0 0 1
+4 +1 2
+4 +1 2
+24 +9 2 0 2 0 0 1 0 0 1
+4 +1 2 0 2 0 0 1 0 0 1
+4 +1 2
+4 +1 2
+4 +2 2
+4 +1 2
+4 +1 2
+4 +1 2
+60 +21 2 0 0 2 0 0 1
+4 +1 2
+4 +2 2 0 4 2 0 0 1
+4 +1 2 0 4 0 0 2 0 0 2
+4 +1 2
+4 +1 2
+4 +1 2
-16 -4 39 0 78
+4 +1 39 0 78 0 0 39 0 0 39
+4 +1 39
+4 +1 39
+4 +1 39
+4 +1 2 0 4
+4 +1 2 0 4
+4 +1 2

fl=(23)
fn=(120)
0x5810 50 1 1
+4 * 1
+4 * 1
cfi=(24)
cfn=(122)
calls=1 0x9984 +45 
* * 11 5 4 1 0 0 1
+4 +1 1
cfi=(30)
cfn=(107)
calls=1 0x5708 474 
* * 19 15 1

fn=(220)
fi=(59)
0x212c 208 1 1
+4 * 1
+4 * 1 1 0 0 1
+4 * 1
+4 * 1 1
+4 -18 1
+4 +18 1
+4 417 1
fe=(23)
+36 56 1
fi=(59)
+4 423 1
+4 +6 1 0 1
+4 +1 1
+4 +1 1
+4 -1 1
+4 * 1
+4 * 1
cfi=(25)
cfn=(68)
calls=1 0x1c880 72 
* * 14 2 2 0 0 1 0 0 1
+4 +1 1
+4 * 1
+4 * 1
+4 * 1
cfi=(25)
cfn=(68)
calls=1 0x1c880 72 
* * 14 2 2
+4 +2 1
+4 +2 1 1
+4 -1 1 0 1
+4 +1 1
+4 * 1 0 1
+4 +4 1 1
+4 * 1 1
+4 * 1
-8 * 1 1
+4 * 1 1
+4 * 1
+4 188 1 1
+4 +5 1 1
+4 -5 1 1
+4 +5 1
+4 +4 1 1 0 0 1
+4 -4 1 0 1
+4 +4 1
+4 +1 1 1 0 0 1 0 0 1
+4 * 1
+4 * 1
+4 * 1
+4 * 1 1
+4 * 1
0x286c 442 1 1
+4 * 1
+4 -1 2 2
+4 * 2 2
+4 * 2 0 2
+4 +1 2
+4 183 1
+4 * 1
cfi=(63)
cfn=(216)
calls=1 0x24cc -98 
* * 417 136 83 19 0 1 18 0 1
fe=(23)

fn=(60)
0x9e54 44 1 0 0 1 0 0 1
+4 * 1
+4 * 1 0 1
+4 * 1 1
+4 * 1
cfi=(24)
cfn=(62)
calls=1 0x9944 +34 
* * 241 29 42 14 3 11 14 3 11

totals: 41873 9330 2501 569 285 252 514 247 238
